var0_0 [10, 13, 14]
var0_1 [10, 13, 14]
var0_0 [0, 1, 2, 4, 5, 13, 19, 22]
var0_1 [0, 1, 2, 4, 5, 13, 19, 22]
var0_0 [0, 1, 2, 4, 5, 13, 19, 22]
var0_1 [0, 1, 2, 4, 5, 13, 19, 22]
var0_2 [0, 1, 2, 4, 5, 13, 19, 22]
var0_3 [0, 1, 2, 4, 5, 13, 19, 22]
var0_4 [0, 1, 2, 4, 5, 13, 19, 22]
var0_5 [0, 1, 2, 4, 5, 13, 19, 22]
var0_6 [0, 1, 2, 4, 5, 13, 19, 22]
var0_7 [0, 1, 2, 4, 5, 13, 19, 22]
var1_0 [7, 22, 23]
var1_1 [7, 22, 23]
var1_2 [7, 22, 23]
var1_3 [7, 22, 23]
var1_4 [7, 22, 23]
var2_0 [10, 13, 14]
var2_1 [10, 13, 14]
var2_2 [10, 13, 14]
var2_3 [10, 13, 14]
var3_0 [22, 34, 39]
var3_1 [22, 34, 39]
var3_2 [22, 34, 39]
var3_3 [22, 34, 39]
var3_4 [22, 34, 39]
var0_0 [0, 1, 2, 4, 5, 13, 19, 22]
var0_1 [0, 1, 2, 4, 5, 13, 19, 22]
var0_2 [0, 1, 2, 4, 5, 13, 19, 22]
var0_3 [0, 1, 2, 4, 5, 13, 19, 22]
var0_4 [0, 1, 2, 4, 5, 13, 19, 22]
var0_5 [0, 1, 2, 4, 5, 13, 19, 22]
var0_6 [0, 1, 2, 4, 5, 13, 19, 22]
var0_7 [0, 1, 2, 4, 5, 13, 19, 22]
var1_0 [7, 22, 23]
var1_1 [7, 22, 23]
var1_2 [7, 22, 23]
var1_3 [7, 22, 23]
var1_4 [7, 22, 23]
var2_0 [10, 13, 14]
var2_1 [10, 13, 14]
var2_2 [10, 13, 14]
var2_3 [10, 13, 14]
var3_0 [22, 34, 39]
var3_1 [22, 34, 39]
var3_2 [22, 34, 39]
var3_3 [22, 34, 39]
var3_4 [22, 34, 39]
var0_0 [7, 12, 14, 16]
var0_1 [7, 12, 14, 16]
var1_0 [19, 22, 31]
var1_1 [19, 22, 31]
var0_0 [3, 14, 22, 25]
var0_1 [3, 14, 22, 25]
var0_2 [3, 14, 22, 25]
var0_3 [3, 14, 22, 25]
var0_4 [3, 14, 22, 25]
var0_5 [3, 14, 22, 25]
var1_0 [19, 22, 39]
var1_1 [19, 22, 39]
var1_2 [19, 22, 39]
var1_3 [19, 22, 39]
var1_4 [19, 22, 39]
var1_5 [19, 22, 39]
var0_0 [3, 14, 22, 25]
var0_1 [3, 14, 22, 25]
var0_2 [3, 14, 22, 25]
var0_3 [3, 14, 22, 25]
var0_4 [3, 14, 22, 25]
var0_5 [3, 14, 22, 25]
var1_0 [19, 22, 39]
var1_1 [19, 22, 39]
var1_2 [19, 22, 39]
var1_3 [19, 22, 39]
var1_4 [19, 22, 39]
var1_5 [19, 22, 39]
