var0_0 [0, 12, 17, 95, 103]
var0_1 [0, 12, 17, 95, 103]
var0_2 [0, 12, 17, 95, 103]
var0_3 [0, 12, 17, 95, 103]
var1_0 [63, 103]
var1_1 [63, 103]
var1_2 [63, 103]
var2_0 [29, 82]
var2_1 [29, 82]
var0_0 [0, 12, 17, 95, 103]
var0_1 [0, 12, 17, 95, 103]
var0_2 [0, 12, 17, 95, 103]
var0_3 [0, 12, 17, 95, 103]
var1_0 [63, 103]
var1_1 [63, 103]
var1_2 [63, 103]
var2_0 [29, 82]
var2_1 [29, 82]
var0_0 [0, 12, 17, 95, 103]
var0_1 [0, 12, 17, 95, 103]
var0_2 [0, 12, 17, 95, 103]
var0_3 [0, 12, 17, 95, 103]
var1_0 [63, 103]
var1_1 [63, 103]
var1_2 [63, 103]
var2_0 [29, 82]
var2_1 [29, 82]
var0_0 [0, 12, 17, 95, 103]
var0_1 [0, 12, 17, 95, 103]
var0_2 [0, 12, 17, 95, 103]
var0_3 [0, 12, 17, 95, 103]
var1_0 [63, 103]
var1_1 [63, 103]
var1_2 [63, 103]
var2_0 [29, 82]
var2_1 [29, 82]
var0_0 [0, 12, 17, 95, 103]
var0_1 [0, 12, 17, 95, 103]
var0_2 [0, 12, 17, 95, 103]
var0_3 [0, 12, 17, 95, 103]
var1_0 [63, 103]
var1_1 [63, 103]
var1_2 [63, 103]
var2_0 [29, 82]
var2_1 [29, 82]
var0_0 [0, 12, 17, 95, 103]
var0_1 [0, 12, 17, 95, 103]
var0_2 [0, 12, 17, 95, 103]
var0_3 [0, 12, 17, 95, 103]
var0_0 [0, 12, 17, 95, 103]
var0_1 [0, 12, 17, 95, 103]
var0_2 [0, 12, 17, 95, 103]
var0_3 [0, 12, 17, 95, 103]
var1_0 [63, 103]
var1_1 [63, 103]
var1_2 [63, 103]
var2_0 [29, 82]
var2_1 [29, 82]
var0_0 [0, 12, 17, 95, 103]
var0_1 [0, 12, 17, 95, 103]
var0_2 [0, 12, 17, 95, 103]
var0_3 [0, 12, 17, 95, 103]
var1_0 [63, 103]
var1_1 [63, 103]
var1_2 [63, 103]
var2_0 [29, 82]
var2_1 [29, 82]
var0_0 [0, 1, 5, 8, 16, 24, 25, 26]
var0_1 [0, 1, 5, 8, 16, 24, 25, 26]
var0_2 [0, 1, 5, 8, 16, 24, 25, 26]
var0_3 [0, 1, 5, 8, 16, 24, 25, 26]
var0_4 [0, 1, 5, 8, 16, 24, 25, 26]
var0_5 [0, 1, 5, 8, 16, 24, 25, 26]
var0_6 [0, 1, 5, 8, 16, 24, 25, 26]
var0_7 [0, 1, 5, 8, 16, 24, 25, 26]
var0_8 [0, 1, 5, 8, 16, 24, 25, 26]
var0_9 [0, 1, 5, 8, 16, 24, 25, 26]
var0_10 [0, 1, 5, 8, 16, 24, 25, 26]
var0_11 [0, 1, 5, 8, 16, 24, 25, 26]
var0_12 [0, 1, 5, 8, 16, 24, 25, 26]
var0_0 [0, 1, 5, 8, 16, 24, 25, 26]
var0_1 [0, 1, 5, 8, 16, 24, 25, 26]
var0_2 [0, 1, 5, 8, 16, 24, 25, 26]
var0_3 [0, 1, 5, 8, 16, 24, 25, 26]
var0_4 [0, 1, 5, 8, 16, 24, 25, 26]
var0_5 [0, 1, 5, 8, 16, 24, 25, 26]
var0_6 [0, 1, 5, 8, 16, 24, 25, 26]
var0_7 [0, 1, 5, 8, 16, 24, 25, 26]
var0_8 [0, 1, 5, 8, 16, 24, 25, 26]
var0_9 [0, 1, 5, 8, 16, 24, 25, 26]
var0_10 [0, 1, 5, 8, 16, 24, 25, 26]
var0_11 [0, 1, 5, 8, 16, 24, 25, 26]
var0_12 [0, 1, 5, 8, 16, 24, 25, 26]
var0_0 [0, 5, 8, 16, 24]
var0_1 [0, 5, 8, 16, 24]
var0_2 [0, 5, 8, 16, 24]
var0_0 [0, 1, 5, 8, 16, 24, 25, 26]
var0_1 [0, 1, 5, 8, 16, 24, 25, 26]
var0_2 [0, 1, 5, 8, 16, 24, 25, 26]
var0_3 [0, 1, 5, 8, 16, 24, 25, 26]
var0_4 [0, 1, 5, 8, 16, 24, 25, 26]
var0_5 [0, 1, 5, 8, 16, 24, 25, 26]
var0_6 [0, 1, 5, 8, 16, 24, 25, 26]
var0_7 [0, 1, 5, 8, 16, 24, 25, 26]
var0_8 [0, 1, 5, 8, 16, 24, 25, 26]
var0_0 [0, 1, 5, 8, 16, 24, 25, 26]
var0_1 [0, 1, 5, 8, 16, 24, 25, 26]
var0_2 [0, 1, 5, 8, 16, 24, 25, 26]
var0_3 [0, 1, 5, 8, 16, 24, 25, 26]
var0_4 [0, 1, 5, 8, 16, 24, 25, 26]
var0_5 [0, 1, 5, 8, 16, 24, 25, 26]
var0_6 [0, 1, 5, 8, 16, 24, 25, 26]
var0_7 [0, 1, 5, 8, 16, 24, 25, 26]
var0_8 [0, 1, 5, 8, 16, 24, 25, 26]
var0_9 [0, 1, 5, 8, 16, 24, 25, 26]
var0_0 [0, 1, 5, 8, 16, 24, 25, 26]
var0_1 [0, 1, 5, 8, 16, 24, 25, 26]
var0_2 [0, 1, 5, 8, 16, 24, 25, 26]
var0_3 [0, 1, 5, 8, 16, 24, 25, 26]
var0_4 [0, 1, 5, 8, 16, 24, 25, 26]
var0_5 [0, 1, 5, 8, 16, 24, 25, 26]
var0_6 [0, 1, 5, 8, 16, 24, 25, 26]
var0_7 [0, 1, 5, 8, 16, 24, 25, 26]
var0_8 [0, 1, 5, 8, 16, 24, 25, 26]
var0_9 [0, 1, 5, 8, 16, 24, 25, 26]
var0_10 [0, 1, 5, 8, 16, 24, 25, 26]
var0_11 [0, 1, 5, 8, 16, 24, 25, 26]
var0_0 [0, 1, 5, 8, 16, 24, 25, 26]
var0_1 [0, 1, 5, 8, 16, 24, 25, 26]
var0_2 [0, 1, 5, 8, 16, 24, 25, 26]
var0_3 [0, 1, 5, 8, 16, 24, 25, 26]
var0_4 [0, 1, 5, 8, 16, 24, 25, 26]
var0_5 [0, 1, 5, 8, 16, 24, 25, 26]
var0_6 [0, 1, 5, 8, 16, 24, 25, 26]
var0_7 [0, 1, 5, 8, 16, 24, 25, 26]
var0_8 [0, 1, 5, 8, 16, 24, 25, 26]
var0_9 [0, 1, 5, 8, 16, 24, 25, 26]
var0_10 [0, 1, 5, 8, 16, 24, 25, 26]
var0_11 [0, 1, 5, 8, 16, 24, 25, 26]
var0_12 [0, 1, 5, 8, 16, 24, 25, 26]
var0_0 [0, 1, 5, 8, 16, 24, 25, 26]
var0_1 [0, 1, 5, 8, 16, 24, 25, 26]
var0_2 [0, 1, 5, 8, 16, 24, 25, 26]
var0_3 [0, 1, 5, 8, 16, 24, 25, 26]
var0_4 [0, 1, 5, 8, 16, 24, 25, 26]
var0_5 [0, 1, 5, 8, 16, 24, 25, 26]
var0_6 [0, 1, 5, 8, 16, 24, 25, 26]
var0_7 [0, 1, 5, 8, 16, 24, 25, 26]
var0_8 [0, 1, 5, 8, 16, 24, 25, 26]
var0_9 [0, 1, 5, 8, 16, 24, 25, 26]
var0_10 [0, 1, 5, 8, 16, 24, 25, 26]
var0_11 [0, 1, 5, 8, 16, 24, 25, 26]
var0_12 [0, 1, 5, 8, 16, 24, 25, 26]
var0_0 [0, 1, 5, 8, 16, 24, 25, 26]
var0_1 [0, 1, 5, 8, 16, 24, 25, 26]
var0_2 [0, 1, 5, 8, 16, 24, 25, 26]
var0_3 [0, 1, 5, 8, 16, 24, 25, 26]
var0_4 [0, 1, 5, 8, 16, 24, 25, 26]
var0_5 [0, 1, 5, 8, 16, 24, 25, 26]
var0_6 [0, 1, 5, 8, 16, 24, 25, 26]
var0_7 [0, 1, 5, 8, 16, 24, 25, 26]
var0_8 [0, 1, 5, 8, 16, 24, 25, 26]
var0_9 [0, 1, 5, 8, 16, 24, 25, 26]
var0_10 [0, 1, 5, 8, 16, 24, 25, 26]
var0_11 [0, 1, 5, 8, 16, 24, 25, 26]
var0_12 [0, 1, 5, 8, 16, 24, 25, 26]
var0_0 [0, 1, 5, 8, 16, 24, 25, 26]
var0_1 [0, 1, 5, 8, 16, 24, 25, 26]
var0_2 [0, 1, 5, 8, 16, 24, 25, 26]
var0_3 [0, 1, 5, 8, 16, 24, 25, 26]
var0_4 [0, 1, 5, 8, 16, 24, 25, 26]
var0_5 [0, 1, 5, 8, 16, 24, 25, 26]
var0_6 [0, 1, 5, 8, 16, 24, 25, 26]
var0_7 [0, 1, 5, 8, 16, 24, 25, 26]
var0_8 [0, 1, 5, 8, 16, 24, 25, 26]
var0_9 [0, 1, 5, 8, 16, 24, 25, 26]
var0_10 [0, 1, 5, 8, 16, 24, 25, 26]
var0_11 [0, 1, 5, 8, 16, 24, 25, 26]
var0_12 [0, 1, 5, 8, 16, 24, 25, 26]
var0_13 [0, 1, 5, 8, 16, 24, 25, 26]
var0_14 [0, 1, 5, 8, 16, 24, 25, 26]
var0_15 [0, 1, 5, 8, 16, 24, 25, 26]
var0_16 [0, 1, 5, 8, 16, 24, 25, 26]
var0_17 [0, 1, 5, 8, 16, 24, 25, 26]
var0_18 [0, 1, 5, 8, 16, 24, 25, 26]
var0_19 [0, 1, 5, 8, 16, 24, 25, 26]
var0_20 [0, 1, 5, 8, 16, 24, 25, 26]
var0_21 [0, 1, 5, 8, 16, 24, 25, 26]
var0_22 [0, 1, 5, 8, 16, 24, 25, 26]
var0_0 [0, 1, 5, 8, 16, 24, 25, 26]
var0_1 [0, 1, 5, 8, 16, 24, 25, 26]
var0_2 [0, 1, 5, 8, 16, 24, 25, 26]
var0_3 [0, 1, 5, 8, 16, 24, 25, 26]
var0_4 [0, 1, 5, 8, 16, 24, 25, 26]
var0_5 [0, 1, 5, 8, 16, 24, 25, 26]
var0_6 [0, 1, 5, 8, 16, 24, 25, 26]
var0_7 [0, 1, 5, 8, 16, 24, 25, 26]
var0_8 [0, 1, 5, 8, 16, 24, 25, 26]
var0_9 [0, 1, 5, 8, 16, 24, 25, 26]
var0_10 [0, 1, 5, 8, 16, 24, 25, 26]
var0_11 [0, 1, 5, 8, 16, 24, 25, 26]
var0_12 [0, 1, 5, 8, 16, 24, 25, 26]
var0_13 [0, 1, 5, 8, 16, 24, 25, 26]
var0_14 [0, 1, 5, 8, 16, 24, 25, 26]
var0_15 [0, 1, 5, 8, 16, 24, 25, 26]
var0_16 [0, 1, 5, 8, 16, 24, 25, 26]
var0_17 [0, 1, 5, 8, 16, 24, 25, 26]
var0_18 [0, 1, 5, 8, 16, 24, 25, 26]
var0_19 [0, 1, 5, 8, 16, 24, 25, 26]
var0_20 [0, 1, 5, 8, 16, 24, 25, 26]
var0_21 [0, 1, 5, 8, 16, 24, 25, 26]
var0_22 [0, 1, 5, 8, 16, 24, 25, 26]
var0_0 [0, 1, 5, 8, 16, 24, 25, 26]
var0_1 [0, 1, 5, 8, 16, 24, 25, 26]
var0_2 [0, 1, 5, 8, 16, 24, 25, 26]
var0_3 [0, 1, 5, 8, 16, 24, 25, 26]
var0_4 [0, 1, 5, 8, 16, 24, 25, 26]
var0_5 [0, 1, 5, 8, 16, 24, 25, 26]
var0_6 [0, 1, 5, 8, 16, 24, 25, 26]
var0_7 [0, 1, 5, 8, 16, 24, 25, 26]
var0_8 [0, 1, 5, 8, 16, 24, 25, 26]
var0_9 [0, 1, 5, 8, 16, 24, 25, 26]
var0_10 [0, 1, 5, 8, 16, 24, 25, 26]
var0_11 [0, 1, 5, 8, 16, 24, 25, 26]
var0_12 [0, 1, 5, 8, 16, 24, 25, 26]
var0_13 [0, 1, 5, 8, 16, 24, 25, 26]
var0_14 [0, 1, 5, 8, 16, 24, 25, 26]
var0_15 [0, 1, 5, 8, 16, 24, 25, 26]
var0_16 [0, 1, 5, 8, 16, 24, 25, 26]
var0_17 [0, 1, 5, 8, 16, 24, 25, 26]
var0_18 [0, 1, 5, 8, 16, 24, 25, 26]
var0_19 [0, 1, 5, 8, 16, 24, 25, 26]
var0_20 [0, 1, 5, 8, 16, 24, 25, 26]
var0_21 [0, 1, 5, 8, 16, 24, 25, 26]
var0_22 [0, 1, 5, 8, 16, 24, 25, 26]
var0_0 [0, 1, 5, 8, 16, 24, 25, 26]
var0_1 [0, 1, 5, 8, 16, 24, 25, 26]
var0_2 [0, 1, 5, 8, 16, 24, 25, 26]
var0_3 [0, 1, 5, 8, 16, 24, 25, 26]
var0_4 [0, 1, 5, 8, 16, 24, 25, 26]
var0_5 [0, 1, 5, 8, 16, 24, 25, 26]
var0_6 [0, 1, 5, 8, 16, 24, 25, 26]
var0_7 [0, 1, 5, 8, 16, 24, 25, 26]
var0_8 [0, 1, 5, 8, 16, 24, 25, 26]
var0_9 [0, 1, 5, 8, 16, 24, 25, 26]
var0_10 [0, 1, 5, 8, 16, 24, 25, 26]
var0_11 [0, 1, 5, 8, 16, 24, 25, 26]
var0_12 [0, 1, 5, 8, 16, 24, 25, 26]
var0_13 [0, 1, 5, 8, 16, 24, 25, 26]
var0_14 [0, 1, 5, 8, 16, 24, 25, 26]
var0_15 [0, 1, 5, 8, 16, 24, 25, 26]
var0_16 [0, 1, 5, 8, 16, 24, 25, 26]
var0_17 [0, 1, 5, 8, 16, 24, 25, 26]
var0_18 [0, 1, 5, 8, 16, 24, 25, 26]
var0_19 [0, 1, 5, 8, 16, 24, 25, 26]
var0_20 [0, 1, 5, 8, 16, 24, 25, 26]
var0_21 [0, 1, 5, 8, 16, 24, 25, 26]
var0_22 [0, 1, 5, 8, 16, 24, 25, 26]
var0_0 [0, 1, 5, 8, 16, 24, 25, 26]
var0_1 [0, 1, 5, 8, 16, 24, 25, 26]
var0_2 [0, 1, 5, 8, 16, 24, 25, 26]
var0_3 [0, 1, 5, 8, 16, 24, 25, 26]
var0_4 [0, 1, 5, 8, 16, 24, 25, 26]
var0_5 [0, 1, 5, 8, 16, 24, 25, 26]
var0_6 [0, 1, 5, 8, 16, 24, 25, 26]
var0_7 [0, 1, 5, 8, 16, 24, 25, 26]
var0_8 [0, 1, 5, 8, 16, 24, 25, 26]
var0_9 [0, 1, 5, 8, 16, 24, 25, 26]
var0_10 [0, 1, 5, 8, 16, 24, 25, 26]
var0_11 [0, 1, 5, 8, 16, 24, 25, 26]
var0_12 [0, 1, 5, 8, 16, 24, 25, 26]
var0_13 [0, 1, 5, 8, 16, 24, 25, 26]
var0_14 [0, 1, 5, 8, 16, 24, 25, 26]
var0_15 [0, 1, 5, 8, 16, 24, 25, 26]
var0_16 [0, 1, 5, 8, 16, 24, 25, 26]
var0_17 [0, 1, 5, 8, 16, 24, 25, 26]
var0_18 [0, 1, 5, 8, 16, 24, 25, 26]
var0_19 [0, 1, 5, 8, 16, 24, 25, 26]
var0_20 [0, 1, 5, 8, 16, 24, 25, 26]
var0_21 [0, 1, 5, 8, 16, 24, 25, 26]
var0_22 [0, 1, 5, 8, 16, 24, 25, 26]
var0_0 [0, 1, 5, 8, 16, 24, 25, 26]
var0_1 [0, 1, 5, 8, 16, 24, 25, 26]
var0_2 [0, 1, 5, 8, 16, 24, 25, 26]
var0_3 [0, 1, 5, 8, 16, 24, 25, 26]
var0_4 [0, 1, 5, 8, 16, 24, 25, 26]
var0_5 [0, 1, 5, 8, 16, 24, 25, 26]
var0_6 [0, 1, 5, 8, 16, 24, 25, 26]
var0_7 [0, 1, 5, 8, 16, 24, 25, 26]
var0_8 [0, 1, 5, 8, 16, 24, 25, 26]
var0_9 [0, 1, 5, 8, 16, 24, 25, 26]
var0_10 [0, 1, 5, 8, 16, 24, 25, 26]
var0_11 [0, 1, 5, 8, 16, 24, 25, 26]
var0_12 [0, 1, 5, 8, 16, 24, 25, 26]
var0_13 [0, 1, 5, 8, 16, 24, 25, 26]
var0_14 [0, 1, 5, 8, 16, 24, 25, 26]
var0_15 [0, 1, 5, 8, 16, 24, 25, 26]
var0_16 [0, 1, 5, 8, 16, 24, 25, 26]
var0_17 [0, 1, 5, 8, 16, 24, 25, 26]
var0_18 [0, 1, 5, 8, 16, 24, 25, 26]
var0_19 [0, 1, 5, 8, 16, 24, 25, 26]
var0_20 [0, 1, 5, 8, 16, 24, 25, 26]
var0_21 [0, 1, 5, 8, 16, 24, 25, 26]
var0_22 [0, 1, 5, 8, 16, 24, 25, 26]
var0_0 [0, 1, 5, 8, 16, 24, 25, 26]
var0_1 [0, 1, 5, 8, 16, 24, 25, 26]
var0_2 [0, 1, 5, 8, 16, 24, 25, 26]
var0_3 [0, 1, 5, 8, 16, 24, 25, 26]
var0_4 [0, 1, 5, 8, 16, 24, 25, 26]
var0_5 [0, 1, 5, 8, 16, 24, 25, 26]
var0_6 [0, 1, 5, 8, 16, 24, 25, 26]
var0_7 [0, 1, 5, 8, 16, 24, 25, 26]
var0_8 [0, 1, 5, 8, 16, 24, 25, 26]
var0_9 [0, 1, 5, 8, 16, 24, 25, 26]
var0_10 [0, 1, 5, 8, 16, 24, 25, 26]
var0_11 [0, 1, 5, 8, 16, 24, 25, 26]
var0_12 [0, 1, 5, 8, 16, 24, 25, 26]
var0_13 [0, 1, 5, 8, 16, 24, 25, 26]
var0_14 [0, 1, 5, 8, 16, 24, 25, 26]
var0_15 [0, 1, 5, 8, 16, 24, 25, 26]
var0_16 [0, 1, 5, 8, 16, 24, 25, 26]
var0_17 [0, 1, 5, 8, 16, 24, 25, 26]
var0_18 [0, 1, 5, 8, 16, 24, 25, 26]
var0_19 [0, 1, 5, 8, 16, 24, 25, 26]
var0_20 [0, 1, 5, 8, 16, 24, 25, 26]
var0_21 [0, 1, 5, 8, 16, 24, 25, 26]
var0_22 [0, 1, 5, 8, 16, 24, 25, 26]
var0_0 [0, 1, 5, 8, 16, 24, 25, 26]
var0_1 [0, 1, 5, 8, 16, 24, 25, 26]
var0_2 [0, 1, 5, 8, 16, 24, 25, 26]
var0_3 [0, 1, 5, 8, 16, 24, 25, 26]
var0_4 [0, 1, 5, 8, 16, 24, 25, 26]
var0_5 [0, 1, 5, 8, 16, 24, 25, 26]
var0_6 [0, 1, 5, 8, 16, 24, 25, 26]
var0_7 [0, 1, 5, 8, 16, 24, 25, 26]
var0_8 [0, 1, 5, 8, 16, 24, 25, 26]
var0_9 [0, 1, 5, 8, 16, 24, 25, 26]
var0_10 [0, 1, 5, 8, 16, 24, 25, 26]
var0_11 [0, 1, 5, 8, 16, 24, 25, 26]
var0_12 [0, 1, 5, 8, 16, 24, 25, 26]
var0_13 [0, 1, 5, 8, 16, 24, 25, 26]
var0_14 [0, 1, 5, 8, 16, 24, 25, 26]
var0_15 [0, 1, 5, 8, 16, 24, 25, 26]
var0_16 [0, 1, 5, 8, 16, 24, 25, 26]
var0_17 [0, 1, 5, 8, 16, 24, 25, 26]
var0_18 [0, 1, 5, 8, 16, 24, 25, 26]
var0_19 [0, 1, 5, 8, 16, 24, 25, 26]
var0_20 [0, 1, 5, 8, 16, 24, 25, 26]
var0_21 [0, 1, 5, 8, 16, 24, 25, 26]
var0_22 [0, 1, 5, 8, 16, 24, 25, 26]
var0_23 [0, 1, 5, 8, 16, 24, 25, 26]
var0_24 [0, 1, 5, 8, 16, 24, 25, 26]
var0_25 [0, 1, 5, 8, 16, 24, 25, 26]
var0_26 [0, 1, 5, 8, 16, 24, 25, 26]
var0_0 [0, 1, 5, 8, 16, 24, 25, 26]
var0_1 [0, 1, 5, 8, 16, 24, 25, 26]
var0_2 [0, 1, 5, 8, 16, 24, 25, 26]
var0_3 [0, 1, 5, 8, 16, 24, 25, 26]
var0_4 [0, 1, 5, 8, 16, 24, 25, 26]
var0_5 [0, 1, 5, 8, 16, 24, 25, 26]
var0_6 [0, 1, 5, 8, 16, 24, 25, 26]
var0_7 [0, 1, 5, 8, 16, 24, 25, 26]
var0_8 [0, 1, 5, 8, 16, 24, 25, 26]
var0_9 [0, 1, 5, 8, 16, 24, 25, 26]
var0_10 [0, 1, 5, 8, 16, 24, 25, 26]
var0_11 [0, 1, 5, 8, 16, 24, 25, 26]
var0_12 [0, 1, 5, 8, 16, 24, 25, 26]
var0_13 [0, 1, 5, 8, 16, 24, 25, 26]
var0_14 [0, 1, 5, 8, 16, 24, 25, 26]
var0_15 [0, 1, 5, 8, 16, 24, 25, 26]
var0_16 [0, 1, 5, 8, 16, 24, 25, 26]
var0_17 [0, 1, 5, 8, 16, 24, 25, 26]
var0_18 [0, 1, 5, 8, 16, 24, 25, 26]
var0_19 [0, 1, 5, 8, 16, 24, 25, 26]
var0_20 [0, 1, 5, 8, 16, 24, 25, 26]
var0_21 [0, 1, 5, 8, 16, 24, 25, 26]
var0_22 [0, 1, 5, 8, 16, 24, 25, 26]
var0_23 [0, 1, 5, 8, 16, 24, 25, 26]
var0_24 [0, 1, 5, 8, 16, 24, 25, 26]
var0_25 [0, 1, 5, 8, 16, 24, 25, 26]
var0_26 [0, 1, 5, 8, 16, 24, 25, 26]
var1_0 [12, 17]
var1_1 [12, 17]
var1_2 [12, 17]
var1_3 [12, 17]
var0_0 [0, 1, 5, 8, 16, 24, 25, 26]
var0_1 [0, 1, 5, 8, 16, 24, 25, 26]
var0_2 [0, 1, 5, 8, 16, 24, 25, 26]
var0_3 [0, 1, 5, 8, 16, 24, 25, 26]
var0_4 [0, 1, 5, 8, 16, 24, 25, 26]
var0_5 [0, 1, 5, 8, 16, 24, 25, 26]
var0_6 [0, 1, 5, 8, 16, 24, 25, 26]
var0_7 [0, 1, 5, 8, 16, 24, 25, 26]
var0_8 [0, 1, 5, 8, 16, 24, 25, 26]
var0_9 [0, 1, 5, 8, 16, 24, 25, 26]
var0_10 [0, 1, 5, 8, 16, 24, 25, 26]
var0_11 [0, 1, 5, 8, 16, 24, 25, 26]
var0_12 [0, 1, 5, 8, 16, 24, 25, 26]
var0_13 [0, 1, 5, 8, 16, 24, 25, 26]
var0_14 [0, 1, 5, 8, 16, 24, 25, 26]
var0_15 [0, 1, 5, 8, 16, 24, 25, 26]
var0_16 [0, 1, 5, 8, 16, 24, 25, 26]
var0_17 [0, 1, 5, 8, 16, 24, 25, 26]
var0_18 [0, 1, 5, 8, 16, 24, 25, 26]
var0_19 [0, 1, 5, 8, 16, 24, 25, 26]
var0_20 [0, 1, 5, 8, 16, 24, 25, 26]
var0_21 [0, 1, 5, 8, 16, 24, 25, 26]
var0_22 [0, 1, 5, 8, 16, 24, 25, 26]
var0_23 [0, 1, 5, 8, 16, 24, 25, 26]
var0_24 [0, 1, 5, 8, 16, 24, 25, 26]
var0_25 [0, 1, 5, 8, 16, 24, 25, 26]
var0_26 [0, 1, 5, 8, 16, 24, 25, 26]
var0_27 [0, 1, 5, 8, 16, 24, 25, 26]
var0_28 [0, 1, 5, 8, 16, 24, 25, 26]
var0_29 [0, 1, 5, 8, 16, 24, 25, 26]
var0_30 [0, 1, 5, 8, 16, 24, 25, 26]
var0_31 [0, 1, 5, 8, 16, 24, 25, 26]
var0_32 [0, 1, 5, 8, 16, 24, 25, 26]
var0_33 [0, 1, 5, 8, 16, 24, 25, 26]
var0_34 [0, 1, 5, 8, 16, 24, 25, 26]
var0_35 [0, 1, 5, 8, 16, 24, 25, 26]
var0_36 [0, 1, 5, 8, 16, 24, 25, 26]
var0_37 [0, 1, 5, 8, 16, 24, 25, 26]
var0_38 [0, 1, 5, 8, 16, 24, 25, 26]
var0_39 [0, 1, 5, 8, 16, 24, 25, 26]
var0_40 [0, 1, 5, 8, 16, 24, 25, 26]
var0_41 [0, 1, 5, 8, 16, 24, 25, 26]
var0_42 [0, 1, 5, 8, 16, 24, 25, 26]
var0_43 [0, 1, 5, 8, 16, 24, 25, 26]
var0_44 [0, 1, 5, 8, 16, 24, 25, 26]
var0_45 [0, 1, 5, 8, 16, 24, 25, 26]
var0_46 [0, 1, 5, 8, 16, 24, 25, 26]
var0_47 [0, 1, 5, 8, 16, 24, 25, 26]
var0_48 [0, 1, 5, 8, 16, 24, 25, 26]
var0_49 [0, 1, 5, 8, 16, 24, 25, 26]
var0_50 [0, 1, 5, 8, 16, 24, 25, 26]
var0_51 [0, 1, 5, 8, 16, 24, 25, 26]
var0_52 [0, 1, 5, 8, 16, 24, 25, 26]
var0_53 [0, 1, 5, 8, 16, 24, 25, 26]
var0_54 [0, 1, 5, 8, 16, 24, 25, 26]
var0_55 [0, 1, 5, 8, 16, 24, 25, 26]
var0_56 [0, 1, 5, 8, 16, 24, 25, 26]
var0_57 [0, 1, 5, 8, 16, 24, 25, 26]
var0_58 [0, 1, 5, 8, 16, 24, 25, 26]
var0_59 [0, 1, 5, 8, 16, 24, 25, 26]
var0_60 [0, 1, 5, 8, 16, 24, 25, 26]
var0_61 [0, 1, 5, 8, 16, 24, 25, 26]
var0_62 [0, 1, 5, 8, 16, 24, 25, 26]
var0_63 [0, 1, 5, 8, 16, 24, 25, 26]
var0_64 [0, 1, 5, 8, 16, 24, 25, 26]
var0_65 [0, 1, 5, 8, 16, 24, 25, 26]
var0_66 [0, 1, 5, 8, 16, 24, 25, 26]
var0_67 [0, 1, 5, 8, 16, 24, 25, 26]
var0_68 [0, 1, 5, 8, 16, 24, 25, 26]
var0_69 [0, 1, 5, 8, 16, 24, 25, 26]
var0_70 [0, 1, 5, 8, 16, 24, 25, 26]
var0_71 [0, 1, 5, 8, 16, 24, 25, 26]
var0_72 [0, 1, 5, 8, 16, 24, 25, 26]
var0_73 [0, 1, 5, 8, 16, 24, 25, 26]
var0_74 [0, 1, 5, 8, 16, 24, 25, 26]
var0_75 [0, 1, 5, 8, 16, 24, 25, 26]
var0_76 [0, 1, 5, 8, 16, 24, 25, 26]
var0_77 [0, 1, 5, 8, 16, 24, 25, 26]
var0_78 [0, 1, 5, 8, 16, 24, 25, 26]
var0_79 [0, 1, 5, 8, 16, 24, 25, 26]
var0_80 [0, 1, 5, 8, 16, 24, 25, 26]
var0_81 [0, 1, 5, 8, 16, 24, 25, 26]
var0_82 [0, 1, 5, 8, 16, 24, 25, 26]
var0_83 [0, 1, 5, 8, 16, 24, 25, 26]
var0_84 [0, 1, 5, 8, 16, 24, 25, 26]
var0_85 [0, 1, 5, 8, 16, 24, 25, 26]
var0_86 [0, 1, 5, 8, 16, 24, 25, 26]
var0_87 [0, 1, 5, 8, 16, 24, 25, 26]
var0_88 [0, 1, 5, 8, 16, 24, 25, 26]
var0_89 [0, 1, 5, 8, 16, 24, 25, 26]
var0_90 [0, 1, 5, 8, 16, 24, 25, 26]
var0_91 [0, 1, 5, 8, 16, 24, 25, 26]
var0_92 [0, 1, 5, 8, 16, 24, 25, 26]
var0_93 [0, 1, 5, 8, 16, 24, 25, 26]
var0_94 [0, 1, 5, 8, 16, 24, 25, 26]
var0_95 [0, 1, 5, 8, 16, 24, 25, 26]
var0_96 [0, 1, 5, 8, 16, 24, 25, 26]
var0_97 [0, 1, 5, 8, 16, 24, 25, 26]
var0_98 [0, 1, 5, 8, 16, 24, 25, 26]
var0_99 [0, 1, 5, 8, 16, 24, 25, 26]
var1_0 [0, 8, 12, 17]
var1_1 [0, 8, 12, 17]
var1_2 [0, 8, 12, 17]
var1_3 [0, 8, 12, 17]
var1_4 [0, 8, 12, 17]
var1_5 [0, 8, 12, 17]
var1_6 [0, 8, 12, 17]
var1_7 [0, 8, 12, 17]
var1_8 [0, 8, 12, 17]
var1_9 [0, 8, 12, 17]
var1_10 [0, 8, 12, 17]
var1_11 [0, 8, 12, 17]
var1_12 [0, 8, 12, 17]
var1_13 [0, 8, 12, 17]
var1_14 [0, 8, 12, 17]
var1_15 [0, 8, 12, 17]
var1_16 [0, 8, 12, 17]
var1_17 [0, 8, 12, 17]
var1_18 [0, 8, 12, 17]
var1_19 [0, 8, 12, 17]
var1_20 [0, 8, 12, 17]
var1_21 [0, 8, 12, 17]
var1_22 [0, 8, 12, 17]
var1_23 [0, 8, 12, 17]
var1_24 [0, 8, 12, 17]
var1_25 [0, 8, 12, 17]
var1_26 [0, 8, 12, 17]
var1_27 [0, 8, 12, 17]
var1_28 [0, 8, 12, 17]
var1_29 [0, 8, 12, 17]
var1_30 [0, 8, 12, 17]
var1_31 [0, 8, 12, 17]
var0_0 [0, 1, 16, 24, 25, 26]
var0_1 [0, 1, 16, 24, 25, 26]
var0_2 [0, 1, 16, 24, 25, 26]
var0_3 [0, 1, 16, 24, 25, 26]
var0_4 [0, 1, 16, 24, 25, 26]
var0_5 [0, 1, 16, 24, 25, 26]
var0_6 [0, 1, 16, 24, 25, 26]
var0_7 [0, 1, 16, 24, 25, 26]
var0_8 [0, 1, 16, 24, 25, 26]
var0_9 [0, 1, 16, 24, 25, 26]
var0_10 [0, 1, 16, 24, 25, 26]
var0_11 [0, 1, 16, 24, 25, 26]
var0_12 [0, 1, 16, 24, 25, 26]
var0_13 [0, 1, 16, 24, 25, 26]
var0_14 [0, 1, 16, 24, 25, 26]
var0_15 [0, 1, 16, 24, 25, 26]
var0_16 [0, 1, 16, 24, 25, 26]
var0_17 [0, 1, 16, 24, 25, 26]
var0_18 [0, 1, 16, 24, 25, 26]
var0_19 [0, 1, 16, 24, 25, 26]
var0_20 [0, 1, 16, 24, 25, 26]
var0_21 [0, 1, 16, 24, 25, 26]
var0_22 [0, 1, 16, 24, 25, 26]
var0_23 [0, 1, 16, 24, 25, 26]
var0_24 [0, 1, 16, 24, 25, 26]
var0_25 [0, 1, 16, 24, 25, 26]
var0_26 [0, 1, 16, 24, 25, 26]
var0_27 [0, 1, 16, 24, 25, 26]
var0_28 [0, 1, 16, 24, 25, 26]
var0_29 [0, 1, 16, 24, 25, 26]
var0_30 [0, 1, 16, 24, 25, 26]
var0_31 [0, 1, 16, 24, 25, 26]
var0_32 [0, 1, 16, 24, 25, 26]
var0_33 [0, 1, 16, 24, 25, 26]
var0_34 [0, 1, 16, 24, 25, 26]
var0_35 [0, 1, 16, 24, 25, 26]
var0_36 [0, 1, 16, 24, 25, 26]
var0_37 [0, 1, 16, 24, 25, 26]
var0_38 [0, 1, 16, 24, 25, 26]
var0_39 [0, 1, 16, 24, 25, 26]
var0_40 [0, 1, 16, 24, 25, 26]
var0_41 [0, 1, 16, 24, 25, 26]
var0_42 [0, 1, 16, 24, 25, 26]
var0_43 [0, 1, 16, 24, 25, 26]
var0_44 [0, 1, 16, 24, 25, 26]
var0_45 [0, 1, 16, 24, 25, 26]
var0_46 [0, 1, 16, 24, 25, 26]
var0_47 [0, 1, 16, 24, 25, 26]
var0_48 [0, 1, 16, 24, 25, 26]
var0_49 [0, 1, 16, 24, 25, 26]
var0_50 [0, 1, 16, 24, 25, 26]
var0_51 [0, 1, 16, 24, 25, 26]
var0_52 [0, 1, 16, 24, 25, 26]
var0_53 [0, 1, 16, 24, 25, 26]
var0_54 [0, 1, 16, 24, 25, 26]
var0_55 [0, 1, 16, 24, 25, 26]
var1_0 [0, 5, 8, 16, 24]
var1_1 [0, 5, 8, 16, 24]
var1_2 [0, 5, 8, 16, 24]
var1_3 [0, 5, 8, 16, 24]
var1_4 [0, 5, 8, 16, 24]
var1_5 [0, 5, 8, 16, 24]
var1_6 [0, 5, 8, 16, 24]
var1_7 [0, 5, 8, 16, 24]
var1_8 [0, 5, 8, 16, 24]
var1_9 [0, 5, 8, 16, 24]
var1_10 [0, 5, 8, 16, 24]
var1_11 [0, 5, 8, 16, 24]
var1_12 [0, 5, 8, 16, 24]
var1_13 [0, 5, 8, 16, 24]
var1_14 [0, 5, 8, 16, 24]
var1_15 [0, 5, 8, 16, 24]
var1_16 [0, 5, 8, 16, 24]
var1_17 [0, 5, 8, 16, 24]
var1_18 [0, 5, 8, 16, 24]
var1_19 [0, 5, 8, 16, 24]
var1_20 [0, 5, 8, 16, 24]
var1_21 [0, 5, 8, 16, 24]
var1_22 [0, 5, 8, 16, 24]
var1_23 [0, 5, 8, 16, 24]
var1_24 [0, 5, 8, 16, 24]
var1_25 [0, 5, 8, 16, 24]
var1_26 [0, 5, 8, 16, 24]
var1_27 [0, 5, 8, 16, 24]
var1_28 [0, 5, 8, 16, 24]
var1_29 [0, 5, 8, 16, 24]
var1_30 [0, 5, 8, 16, 24]
var1_31 [0, 5, 8, 16, 24]
var1_32 [0, 5, 8, 16, 24]
var1_33 [0, 5, 8, 16, 24]
var1_34 [0, 5, 8, 16, 24]
var1_35 [0, 5, 8, 16, 24]
var1_36 [0, 5, 8, 16, 24]
var1_37 [0, 5, 8, 16, 24]
var1_38 [0, 5, 8, 16, 24]
var1_39 [0, 5, 8, 16, 24]
var1_40 [0, 5, 8, 16, 24]
var1_41 [0, 5, 8, 16, 24]
var1_42 [0, 5, 8, 16, 24]
var1_43 [0, 5, 8, 16, 24]
var1_44 [0, 5, 8, 16, 24]
var1_45 [0, 5, 8, 16, 24]
var1_46 [0, 5, 8, 16, 24]
var1_47 [0, 5, 8, 16, 24]
var1_48 [0, 5, 8, 16, 24]
var1_49 [0, 5, 8, 16, 24]
var1_50 [0, 5, 8, 16, 24]
var1_51 [0, 5, 8, 16, 24]
var1_52 [0, 5, 8, 16, 24]
var1_53 [0, 5, 8, 16, 24]
var1_54 [0, 5, 8, 16, 24]
var1_55 [0, 5, 8, 16, 24]
var1_56 [0, 5, 8, 16, 24]
var1_57 [0, 5, 8, 16, 24]
var1_58 [0, 5, 8, 16, 24]
var1_59 [0, 5, 8, 16, 24]
var1_60 [0, 5, 8, 16, 24]
var1_61 [0, 5, 8, 16, 24]
var1_62 [0, 5, 8, 16, 24]
var1_63 [0, 5, 8, 16, 24]
var1_64 [0, 5, 8, 16, 24]
var1_65 [0, 5, 8, 16, 24]
var1_66 [0, 5, 8, 16, 24]
var1_67 [0, 5, 8, 16, 24]
var1_68 [0, 5, 8, 16, 24]
var1_69 [0, 5, 8, 16, 24]
var1_70 [0, 5, 8, 16, 24]
var1_71 [0, 5, 8, 16, 24]
var1_72 [0, 5, 8, 16, 24]
var1_73 [0, 5, 8, 16, 24]
var1_74 [0, 5, 8, 16, 24]
var1_75 [0, 5, 8, 16, 24]
var1_76 [0, 5, 8, 16, 24]
var1_77 [0, 5, 8, 16, 24]
var1_78 [0, 5, 8, 16, 24]
var1_79 [0, 5, 8, 16, 24]
var1_80 [0, 5, 8, 16, 24]
var1_81 [0, 5, 8, 16, 24]
var1_82 [0, 5, 8, 16, 24]
var1_83 [0, 5, 8, 16, 24]
var1_84 [0, 5, 8, 16, 24]
var1_85 [0, 5, 8, 16, 24]
var1_86 [0, 5, 8, 16, 24]
var1_87 [0, 5, 8, 16, 24]
var1_88 [0, 5, 8, 16, 24]
var1_89 [0, 5, 8, 16, 24]
var1_90 [0, 5, 8, 16, 24]
var1_91 [0, 5, 8, 16, 24]
var1_92 [0, 5, 8, 16, 24]
var1_93 [0, 5, 8, 16, 24]
var1_94 [0, 5, 8, 16, 24]
var1_95 [0, 5, 8, 16, 24]
var1_96 [0, 5, 8, 16, 24]
var1_97 [0, 5, 8, 16, 24]
var1_98 [0, 5, 8, 16, 24]
var1_99 [0, 5, 8, 16, 24]
var1_100 [0, 5, 8, 16, 24]
var1_101 [0, 5, 8, 16, 24]
var1_102 [0, 5, 8, 16, 24]
var1_103 [0, 5, 8, 16, 24]
var1_104 [0, 5, 8, 16, 24]
var1_105 [0, 5, 8, 16, 24]
var1_106 [0, 5, 8, 16, 24]
var1_107 [0, 5, 8, 16, 24]
var1_108 [0, 5, 8, 16, 24]
var1_109 [0, 5, 8, 16, 24]
var1_110 [0, 5, 8, 16, 24]
var1_111 [0, 5, 8, 16, 24]
var1_112 [0, 5, 8, 16, 24]
var1_113 [0, 5, 8, 16, 24]
var1_114 [0, 5, 8, 16, 24]
var1_115 [0, 5, 8, 16, 24]
var1_116 [0, 5, 8, 16, 24]
var1_117 [0, 5, 8, 16, 24]
var1_118 [0, 5, 8, 16, 24]
var1_119 [0, 5, 8, 16, 24]
var1_120 [0, 5, 8, 16, 24]
var1_121 [0, 5, 8, 16, 24]
var1_122 [0, 5, 8, 16, 24]
var1_123 [0, 5, 8, 16, 24]
var1_124 [0, 5, 8, 16, 24]
var1_125 [0, 5, 8, 16, 24]
var1_126 [0, 5, 8, 16, 24]
var1_127 [0, 5, 8, 16, 24]
var1_128 [0, 5, 8, 16, 24]
var1_129 [0, 5, 8, 16, 24]
var1_130 [0, 5, 8, 16, 24]
var1_131 [0, 5, 8, 16, 24]
var1_132 [0, 5, 8, 16, 24]
var1_133 [0, 5, 8, 16, 24]
var1_134 [0, 5, 8, 16, 24]
var1_135 [0, 5, 8, 16, 24]
var1_136 [0, 5, 8, 16, 24]
var1_137 [0, 5, 8, 16, 24]
var1_138 [0, 5, 8, 16, 24]
var1_139 [0, 5, 8, 16, 24]
var1_140 [0, 5, 8, 16, 24]
var1_141 [0, 5, 8, 16, 24]
var1_142 [0, 5, 8, 16, 24]
var1_143 [0, 5, 8, 16, 24]
var1_144 [0, 5, 8, 16, 24]
var1_145 [0, 5, 8, 16, 24]
var1_146 [0, 5, 8, 16, 24]
var1_147 [0, 5, 8, 16, 24]
var1_148 [0, 5, 8, 16, 24]
var1_149 [0, 5, 8, 16, 24]
var1_150 [0, 5, 8, 16, 24]
var1_151 [0, 5, 8, 16, 24]
var1_152 [0, 5, 8, 16, 24]
var1_153 [0, 5, 8, 16, 24]
var1_154 [0, 5, 8, 16, 24]
var1_155 [0, 5, 8, 16, 24]
var1_156 [0, 5, 8, 16, 24]
var1_157 [0, 5, 8, 16, 24]
var1_158 [0, 5, 8, 16, 24]
var1_159 [0, 5, 8, 16, 24]
var1_160 [0, 5, 8, 16, 24]
var1_161 [0, 5, 8, 16, 24]
var1_162 [0, 5, 8, 16, 24]
var1_163 [0, 5, 8, 16, 24]
var1_164 [0, 5, 8, 16, 24]
var1_165 [0, 5, 8, 16, 24]
var1_166 [0, 5, 8, 16, 24]
var1_167 [0, 5, 8, 16, 24]
var1_168 [0, 5, 8, 16, 24]
var1_169 [0, 5, 8, 16, 24]
var1_170 [0, 5, 8, 16, 24]
var1_171 [0, 5, 8, 16, 24]
var1_172 [0, 5, 8, 16, 24]
var1_173 [0, 5, 8, 16, 24]
var1_174 [0, 5, 8, 16, 24]
var1_175 [0, 5, 8, 16, 24]
var1_176 [0, 5, 8, 16, 24]
var1_177 [0, 5, 8, 16, 24]
var1_178 [0, 5, 8, 16, 24]
var1_179 [0, 5, 8, 16, 24]
var1_180 [0, 5, 8, 16, 24]
var1_181 [0, 5, 8, 16, 24]
var1_182 [0, 5, 8, 16, 24]
var1_183 [0, 5, 8, 16, 24]
var1_184 [0, 5, 8, 16, 24]
var1_185 [0, 5, 8, 16, 24]
var1_186 [0, 5, 8, 16, 24]
var1_187 [0, 5, 8, 16, 24]
var1_188 [0, 5, 8, 16, 24]
var1_189 [0, 5, 8, 16, 24]
var1_190 [0, 5, 8, 16, 24]
var1_191 [0, 5, 8, 16, 24]
var1_192 [0, 5, 8, 16, 24]
var1_193 [0, 5, 8, 16, 24]
var1_194 [0, 5, 8, 16, 24]
var1_195 [0, 5, 8, 16, 24]
var1_196 [0, 5, 8, 16, 24]
var1_197 [0, 5, 8, 16, 24]
var1_198 [0, 5, 8, 16, 24]
var1_199 [0, 5, 8, 16, 24]
var1_200 [0, 5, 8, 16, 24]
var1_201 [0, 5, 8, 16, 24]
var1_202 [0, 5, 8, 16, 24]
var1_203 [0, 5, 8, 16, 24]
var1_204 [0, 5, 8, 16, 24]
var1_205 [0, 5, 8, 16, 24]
var1_206 [0, 5, 8, 16, 24]
var1_207 [0, 5, 8, 16, 24]
var1_208 [0, 5, 8, 16, 24]
var2_0 [0, 8, 12, 17]
var2_1 [0, 8, 12, 17]
var2_2 [0, 8, 12, 17]
var2_3 [0, 8, 12, 17]
var2_4 [0, 8, 12, 17]
var2_5 [0, 8, 12, 17]
var2_6 [0, 8, 12, 17]
var2_7 [0, 8, 12, 17]
var2_8 [0, 8, 12, 17]
var2_9 [0, 8, 12, 17]
var2_10 [0, 8, 12, 17]
var2_11 [0, 8, 12, 17]
var2_12 [0, 8, 12, 17]
var2_13 [0, 8, 12, 17]
var2_14 [0, 8, 12, 17]
var2_15 [0, 8, 12, 17]
var2_16 [0, 8, 12, 17]
var2_17 [0, 8, 12, 17]
var2_18 [0, 8, 12, 17]
var2_19 [0, 8, 12, 17]
var2_20 [0, 8, 12, 17]
var2_21 [0, 8, 12, 17]
var2_22 [0, 8, 12, 17]
var2_23 [0, 8, 12, 17]
var2_24 [0, 8, 12, 17]
var2_25 [0, 8, 12, 17]
var2_26 [0, 8, 12, 17]
var2_27 [0, 8, 12, 17]
var2_28 [0, 8, 12, 17]
var2_29 [0, 8, 12, 17]
var2_30 [0, 8, 12, 17]
var2_31 [0, 8, 12, 17]
var2_32 [0, 8, 12, 17]
var2_33 [0, 8, 12, 17]
var2_34 [0, 8, 12, 17]
var2_35 [0, 8, 12, 17]
var0_0 [0, 1, 16, 24, 25, 26]
var0_1 [0, 1, 16, 24, 25, 26]
var0_2 [0, 1, 16, 24, 25, 26]
var0_3 [0, 1, 16, 24, 25, 26]
var0_4 [0, 1, 16, 24, 25, 26]
var0_5 [0, 1, 16, 24, 25, 26]
var0_6 [0, 1, 16, 24, 25, 26]
var0_7 [0, 1, 16, 24, 25, 26]
var0_8 [0, 1, 16, 24, 25, 26]
var0_9 [0, 1, 16, 24, 25, 26]
var0_10 [0, 1, 16, 24, 25, 26]
var0_11 [0, 1, 16, 24, 25, 26]
var0_12 [0, 1, 16, 24, 25, 26]
var0_13 [0, 1, 16, 24, 25, 26]
var0_14 [0, 1, 16, 24, 25, 26]
var0_15 [0, 1, 16, 24, 25, 26]
var0_16 [0, 1, 16, 24, 25, 26]
var0_17 [0, 1, 16, 24, 25, 26]
var0_18 [0, 1, 16, 24, 25, 26]
var1_0 [0, 5, 8, 16, 24]
var1_1 [0, 5, 8, 16, 24]
var1_2 [0, 5, 8, 16, 24]
var1_3 [0, 5, 8, 16, 24]
var1_4 [0, 5, 8, 16, 24]
var1_5 [0, 5, 8, 16, 24]
var1_6 [0, 5, 8, 16, 24]
var1_7 [0, 5, 8, 16, 24]
var1_8 [0, 5, 8, 16, 24]
var1_9 [0, 5, 8, 16, 24]
var1_10 [0, 5, 8, 16, 24]
var1_11 [0, 5, 8, 16, 24]
var1_12 [0, 5, 8, 16, 24]
var1_13 [0, 5, 8, 16, 24]
var1_14 [0, 5, 8, 16, 24]
var1_15 [0, 5, 8, 16, 24]
var1_16 [0, 5, 8, 16, 24]
var1_17 [0, 5, 8, 16, 24]
var1_18 [0, 5, 8, 16, 24]
var1_19 [0, 5, 8, 16, 24]
var1_20 [0, 5, 8, 16, 24]
var1_21 [0, 5, 8, 16, 24]
var1_22 [0, 5, 8, 16, 24]
var1_23 [0, 5, 8, 16, 24]
var1_24 [0, 5, 8, 16, 24]
var1_25 [0, 5, 8, 16, 24]
var1_26 [0, 5, 8, 16, 24]
var1_27 [0, 5, 8, 16, 24]
var1_28 [0, 5, 8, 16, 24]
var1_29 [0, 5, 8, 16, 24]
var1_30 [0, 5, 8, 16, 24]
var1_31 [0, 5, 8, 16, 24]
var1_32 [0, 5, 8, 16, 24]
var1_33 [0, 5, 8, 16, 24]
var1_34 [0, 5, 8, 16, 24]
var1_35 [0, 5, 8, 16, 24]
var1_36 [0, 5, 8, 16, 24]
var1_37 [0, 5, 8, 16, 24]
var1_38 [0, 5, 8, 16, 24]
var1_39 [0, 5, 8, 16, 24]
var1_40 [0, 5, 8, 16, 24]
var1_41 [0, 5, 8, 16, 24]
var1_42 [0, 5, 8, 16, 24]
var1_43 [0, 5, 8, 16, 24]
var1_44 [0, 5, 8, 16, 24]
var1_45 [0, 5, 8, 16, 24]
var1_46 [0, 5, 8, 16, 24]
var1_47 [0, 5, 8, 16, 24]
var1_48 [0, 5, 8, 16, 24]
var2_0 [12, 17]
var2_1 [12, 17]
var2_2 [12, 17]
var2_3 [12, 17]
var0_0 [0, 1, 16, 24, 25, 26]
var0_1 [0, 1, 16, 24, 25, 26]
var0_2 [0, 1, 16, 24, 25, 26]
var0_3 [0, 1, 16, 24, 25, 26]
var0_4 [0, 1, 16, 24, 25, 26]
var0_5 [0, 1, 16, 24, 25, 26]
var0_6 [0, 1, 16, 24, 25, 26]
var0_7 [0, 1, 16, 24, 25, 26]
var0_8 [0, 1, 16, 24, 25, 26]
var0_9 [0, 1, 16, 24, 25, 26]
var0_10 [0, 1, 16, 24, 25, 26]
var0_11 [0, 1, 16, 24, 25, 26]
var0_12 [0, 1, 16, 24, 25, 26]
var0_13 [0, 1, 16, 24, 25, 26]
var0_14 [0, 1, 16, 24, 25, 26]
var0_15 [0, 1, 16, 24, 25, 26]
var0_16 [0, 1, 16, 24, 25, 26]
var0_17 [0, 1, 16, 24, 25, 26]
var0_18 [0, 1, 16, 24, 25, 26]
var0_19 [0, 1, 16, 24, 25, 26]
var0_20 [0, 1, 16, 24, 25, 26]
var0_21 [0, 1, 16, 24, 25, 26]
var0_22 [0, 1, 16, 24, 25, 26]
var0_23 [0, 1, 16, 24, 25, 26]
var0_24 [0, 1, 16, 24, 25, 26]
var1_0 [0, 5, 8, 16, 24, 27]
var1_1 [0, 5, 8, 16, 24, 27]
var1_2 [0, 5, 8, 16, 24, 27]
var1_3 [0, 5, 8, 16, 24, 27]
var1_4 [0, 5, 8, 16, 24, 27]
var1_5 [0, 5, 8, 16, 24, 27]
var1_6 [0, 5, 8, 16, 24, 27]
var1_7 [0, 5, 8, 16, 24, 27]
var1_8 [0, 5, 8, 16, 24, 27]
var1_9 [0, 5, 8, 16, 24, 27]
var1_10 [0, 5, 8, 16, 24, 27]
var1_11 [0, 5, 8, 16, 24, 27]
var1_12 [0, 5, 8, 16, 24, 27]
var1_13 [0, 5, 8, 16, 24, 27]
var1_14 [0, 5, 8, 16, 24, 27]
var1_15 [0, 5, 8, 16, 24, 27]
var1_16 [0, 5, 8, 16, 24, 27]
var1_17 [0, 5, 8, 16, 24, 27]
var1_18 [0, 5, 8, 16, 24, 27]
var1_19 [0, 5, 8, 16, 24, 27]
var1_20 [0, 5, 8, 16, 24, 27]
var1_21 [0, 5, 8, 16, 24, 27]
var1_22 [0, 5, 8, 16, 24, 27]
var1_23 [0, 5, 8, 16, 24, 27]
var1_24 [0, 5, 8, 16, 24, 27]
var1_25 [0, 5, 8, 16, 24, 27]
var1_26 [0, 5, 8, 16, 24, 27]
var1_27 [0, 5, 8, 16, 24, 27]
var1_28 [0, 5, 8, 16, 24, 27]
var1_29 [0, 5, 8, 16, 24, 27]
var1_30 [0, 5, 8, 16, 24, 27]
var1_31 [0, 5, 8, 16, 24, 27]
var1_32 [0, 5, 8, 16, 24, 27]
var1_33 [0, 5, 8, 16, 24, 27]
var1_34 [0, 5, 8, 16, 24, 27]
var1_35 [0, 5, 8, 16, 24, 27]
var1_36 [0, 5, 8, 16, 24, 27]
var1_37 [0, 5, 8, 16, 24, 27]
var1_38 [0, 5, 8, 16, 24, 27]
var1_39 [0, 5, 8, 16, 24, 27]
var1_40 [0, 5, 8, 16, 24, 27]
var1_41 [0, 5, 8, 16, 24, 27]
var1_42 [0, 5, 8, 16, 24, 27]
var1_43 [0, 5, 8, 16, 24, 27]
var1_44 [0, 5, 8, 16, 24, 27]
var1_45 [0, 5, 8, 16, 24, 27]
var1_46 [0, 5, 8, 16, 24, 27]
var1_47 [0, 5, 8, 16, 24, 27]
var1_48 [0, 5, 8, 16, 24, 27]
var1_49 [0, 5, 8, 16, 24, 27]
var1_50 [0, 5, 8, 16, 24, 27]
var1_51 [0, 5, 8, 16, 24, 27]
var1_52 [0, 5, 8, 16, 24, 27]
var1_53 [0, 5, 8, 16, 24, 27]
var1_54 [0, 5, 8, 16, 24, 27]
var1_55 [0, 5, 8, 16, 24, 27]
var1_56 [0, 5, 8, 16, 24, 27]
var1_57 [0, 5, 8, 16, 24, 27]
var1_58 [0, 5, 8, 16, 24, 27]
var1_59 [0, 5, 8, 16, 24, 27]
var1_60 [0, 5, 8, 16, 24, 27]
var1_61 [0, 5, 8, 16, 24, 27]
var1_62 [0, 5, 8, 16, 24, 27]
var1_63 [0, 5, 8, 16, 24, 27]
var1_64 [0, 5, 8, 16, 24, 27]
var1_65 [0, 5, 8, 16, 24, 27]
var1_66 [0, 5, 8, 16, 24, 27]
var1_67 [0, 5, 8, 16, 24, 27]
var1_68 [0, 5, 8, 16, 24, 27]
var1_69 [0, 5, 8, 16, 24, 27]
var1_70 [0, 5, 8, 16, 24, 27]
var1_71 [0, 5, 8, 16, 24, 27]
var1_72 [0, 5, 8, 16, 24, 27]
var1_73 [0, 5, 8, 16, 24, 27]
var1_74 [0, 5, 8, 16, 24, 27]
var1_75 [0, 5, 8, 16, 24, 27]
var1_76 [0, 5, 8, 16, 24, 27]
var1_77 [0, 5, 8, 16, 24, 27]
var1_78 [0, 5, 8, 16, 24, 27]
var1_79 [0, 5, 8, 16, 24, 27]
var1_80 [0, 5, 8, 16, 24, 27]
var1_81 [0, 5, 8, 16, 24, 27]
var1_82 [0, 5, 8, 16, 24, 27]
var1_83 [0, 5, 8, 16, 24, 27]
var1_84 [0, 5, 8, 16, 24, 27]
var1_85 [0, 5, 8, 16, 24, 27]
var1_86 [0, 5, 8, 16, 24, 27]
var1_87 [0, 5, 8, 16, 24, 27]
var1_88 [0, 5, 8, 16, 24, 27]
var1_89 [0, 5, 8, 16, 24, 27]
var1_90 [0, 5, 8, 16, 24, 27]
var1_91 [0, 5, 8, 16, 24, 27]
var1_92 [0, 5, 8, 16, 24, 27]
var1_93 [0, 5, 8, 16, 24, 27]
var2_0 [12, 17]
var2_1 [12, 17]
var2_2 [12, 17]
var2_3 [12, 17]
var0_0 [0, 1, 16, 24, 25, 26]
var0_1 [0, 1, 16, 24, 25, 26]
var0_2 [0, 1, 16, 24, 25, 26]
var0_3 [0, 1, 16, 24, 25, 26]
var0_4 [0, 1, 16, 24, 25, 26]
var0_5 [0, 1, 16, 24, 25, 26]
var0_6 [0, 1, 16, 24, 25, 26]
var0_7 [0, 1, 16, 24, 25, 26]
var0_8 [0, 1, 16, 24, 25, 26]
var0_9 [0, 1, 16, 24, 25, 26]
var0_10 [0, 1, 16, 24, 25, 26]
var0_11 [0, 1, 16, 24, 25, 26]
var0_12 [0, 1, 16, 24, 25, 26]
var0_13 [0, 1, 16, 24, 25, 26]
var0_14 [0, 1, 16, 24, 25, 26]
var0_15 [0, 1, 16, 24, 25, 26]
var0_16 [0, 1, 16, 24, 25, 26]
var0_17 [0, 1, 16, 24, 25, 26]
var0_18 [0, 1, 16, 24, 25, 26]
var0_19 [0, 1, 16, 24, 25, 26]
var0_20 [0, 1, 16, 24, 25, 26]
var0_21 [0, 1, 16, 24, 25, 26]
var0_22 [0, 1, 16, 24, 25, 26]
var0_23 [0, 1, 16, 24, 25, 26]
var0_24 [0, 1, 16, 24, 25, 26]
var0_25 [0, 1, 16, 24, 25, 26]
var0_26 [0, 1, 16, 24, 25, 26]
var0_27 [0, 1, 16, 24, 25, 26]
var0_28 [0, 1, 16, 24, 25, 26]
var0_29 [0, 1, 16, 24, 25, 26]
var0_30 [0, 1, 16, 24, 25, 26]
var0_31 [0, 1, 16, 24, 25, 26]
var0_32 [0, 1, 16, 24, 25, 26]
var0_33 [0, 1, 16, 24, 25, 26]
var0_34 [0, 1, 16, 24, 25, 26]
var0_35 [0, 1, 16, 24, 25, 26]
var0_36 [0, 1, 16, 24, 25, 26]
var0_37 [0, 1, 16, 24, 25, 26]
var0_38 [0, 1, 16, 24, 25, 26]
var0_39 [0, 1, 16, 24, 25, 26]
var0_40 [0, 1, 16, 24, 25, 26]
var0_41 [0, 1, 16, 24, 25, 26]
var0_42 [0, 1, 16, 24, 25, 26]
var0_43 [0, 1, 16, 24, 25, 26]
var0_44 [0, 1, 16, 24, 25, 26]
var0_45 [0, 1, 16, 24, 25, 26]
var0_46 [0, 1, 16, 24, 25, 26]
var0_47 [0, 1, 16, 24, 25, 26]
var0_48 [0, 1, 16, 24, 25, 26]
var0_49 [0, 1, 16, 24, 25, 26]
var0_50 [0, 1, 16, 24, 25, 26]
var0_51 [0, 1, 16, 24, 25, 26]
var0_52 [0, 1, 16, 24, 25, 26]
var0_53 [0, 1, 16, 24, 25, 26]
var0_54 [0, 1, 16, 24, 25, 26]
var0_55 [0, 1, 16, 24, 25, 26]
var0_56 [0, 1, 16, 24, 25, 26]
var0_57 [0, 1, 16, 24, 25, 26]
var0_58 [0, 1, 16, 24, 25, 26]
var0_59 [0, 1, 16, 24, 25, 26]
var0_60 [0, 1, 16, 24, 25, 26]
var0_61 [0, 1, 16, 24, 25, 26]
var0_62 [0, 1, 16, 24, 25, 26]
var0_63 [0, 1, 16, 24, 25, 26]
var0_64 [0, 1, 16, 24, 25, 26]
var0_65 [0, 1, 16, 24, 25, 26]
var0_66 [0, 1, 16, 24, 25, 26]
var0_67 [0, 1, 16, 24, 25, 26]
var0_68 [0, 1, 16, 24, 25, 26]
var0_69 [0, 1, 16, 24, 25, 26]
var0_70 [0, 1, 16, 24, 25, 26]
var0_71 [0, 1, 16, 24, 25, 26]
var0_72 [0, 1, 16, 24, 25, 26]
var0_73 [0, 1, 16, 24, 25, 26]
var0_74 [0, 1, 16, 24, 25, 26]
var0_75 [0, 1, 16, 24, 25, 26]
var0_76 [0, 1, 16, 24, 25, 26]
var1_0 [0, 5, 8, 16, 24, 27]
var1_1 [0, 5, 8, 16, 24, 27]
var1_2 [0, 5, 8, 16, 24, 27]
var1_3 [0, 5, 8, 16, 24, 27]
var1_4 [0, 5, 8, 16, 24, 27]
var1_5 [0, 5, 8, 16, 24, 27]
var1_6 [0, 5, 8, 16, 24, 27]
var1_7 [0, 5, 8, 16, 24, 27]
var1_8 [0, 5, 8, 16, 24, 27]
var1_9 [0, 5, 8, 16, 24, 27]
var1_10 [0, 5, 8, 16, 24, 27]
var1_11 [0, 5, 8, 16, 24, 27]
var1_12 [0, 5, 8, 16, 24, 27]
var1_13 [0, 5, 8, 16, 24, 27]
var1_14 [0, 5, 8, 16, 24, 27]
var1_15 [0, 5, 8, 16, 24, 27]
var1_16 [0, 5, 8, 16, 24, 27]
var1_17 [0, 5, 8, 16, 24, 27]
var1_18 [0, 5, 8, 16, 24, 27]
var1_19 [0, 5, 8, 16, 24, 27]
var1_20 [0, 5, 8, 16, 24, 27]
var1_21 [0, 5, 8, 16, 24, 27]
var1_22 [0, 5, 8, 16, 24, 27]
var1_23 [0, 5, 8, 16, 24, 27]
var1_24 [0, 5, 8, 16, 24, 27]
var1_25 [0, 5, 8, 16, 24, 27]
var1_26 [0, 5, 8, 16, 24, 27]
var1_27 [0, 5, 8, 16, 24, 27]
var1_28 [0, 5, 8, 16, 24, 27]
var1_29 [0, 5, 8, 16, 24, 27]
var1_30 [0, 5, 8, 16, 24, 27]
var1_31 [0, 5, 8, 16, 24, 27]
var1_32 [0, 5, 8, 16, 24, 27]
var1_33 [0, 5, 8, 16, 24, 27]
var1_34 [0, 5, 8, 16, 24, 27]
var1_35 [0, 5, 8, 16, 24, 27]
var1_36 [0, 5, 8, 16, 24, 27]
var1_37 [0, 5, 8, 16, 24, 27]
var1_38 [0, 5, 8, 16, 24, 27]
var1_39 [0, 5, 8, 16, 24, 27]
var1_40 [0, 5, 8, 16, 24, 27]
var1_41 [0, 5, 8, 16, 24, 27]
var1_42 [0, 5, 8, 16, 24, 27]
var1_43 [0, 5, 8, 16, 24, 27]
var1_44 [0, 5, 8, 16, 24, 27]
var1_45 [0, 5, 8, 16, 24, 27]
var1_46 [0, 5, 8, 16, 24, 27]
var1_47 [0, 5, 8, 16, 24, 27]
var1_48 [0, 5, 8, 16, 24, 27]
var1_49 [0, 5, 8, 16, 24, 27]
var1_50 [0, 5, 8, 16, 24, 27]
var1_51 [0, 5, 8, 16, 24, 27]
var1_52 [0, 5, 8, 16, 24, 27]
var1_53 [0, 5, 8, 16, 24, 27]
var1_54 [0, 5, 8, 16, 24, 27]
var1_55 [0, 5, 8, 16, 24, 27]
var1_56 [0, 5, 8, 16, 24, 27]
var1_57 [0, 5, 8, 16, 24, 27]
var1_58 [0, 5, 8, 16, 24, 27]
var1_59 [0, 5, 8, 16, 24, 27]
var1_60 [0, 5, 8, 16, 24, 27]
var1_61 [0, 5, 8, 16, 24, 27]
var1_62 [0, 5, 8, 16, 24, 27]
var1_63 [0, 5, 8, 16, 24, 27]
var1_64 [0, 5, 8, 16, 24, 27]
var1_65 [0, 5, 8, 16, 24, 27]
var1_66 [0, 5, 8, 16, 24, 27]
var1_67 [0, 5, 8, 16, 24, 27]
var1_68 [0, 5, 8, 16, 24, 27]
var1_69 [0, 5, 8, 16, 24, 27]
var1_70 [0, 5, 8, 16, 24, 27]
var1_71 [0, 5, 8, 16, 24, 27]
var1_72 [0, 5, 8, 16, 24, 27]
var1_73 [0, 5, 8, 16, 24, 27]
var1_74 [0, 5, 8, 16, 24, 27]
var1_75 [0, 5, 8, 16, 24, 27]
var1_76 [0, 5, 8, 16, 24, 27]
var1_77 [0, 5, 8, 16, 24, 27]
var1_78 [0, 5, 8, 16, 24, 27]
var1_79 [0, 5, 8, 16, 24, 27]
var1_80 [0, 5, 8, 16, 24, 27]
var1_81 [0, 5, 8, 16, 24, 27]
var1_82 [0, 5, 8, 16, 24, 27]
var1_83 [0, 5, 8, 16, 24, 27]
var1_84 [0, 5, 8, 16, 24, 27]
var1_85 [0, 5, 8, 16, 24, 27]
var1_86 [0, 5, 8, 16, 24, 27]
var1_87 [0, 5, 8, 16, 24, 27]
var1_88 [0, 5, 8, 16, 24, 27]
var1_89 [0, 5, 8, 16, 24, 27]
var1_90 [0, 5, 8, 16, 24, 27]
var1_91 [0, 5, 8, 16, 24, 27]
var1_92 [0, 5, 8, 16, 24, 27]
var1_93 [0, 5, 8, 16, 24, 27]
var1_94 [0, 5, 8, 16, 24, 27]
var1_95 [0, 5, 8, 16, 24, 27]
var1_96 [0, 5, 8, 16, 24, 27]
var1_97 [0, 5, 8, 16, 24, 27]
var1_98 [0, 5, 8, 16, 24, 27]
var1_99 [0, 5, 8, 16, 24, 27]
var1_100 [0, 5, 8, 16, 24, 27]
var1_101 [0, 5, 8, 16, 24, 27]
var1_102 [0, 5, 8, 16, 24, 27]
var1_103 [0, 5, 8, 16, 24, 27]
var1_104 [0, 5, 8, 16, 24, 27]
var1_105 [0, 5, 8, 16, 24, 27]
var1_106 [0, 5, 8, 16, 24, 27]
var1_107 [0, 5, 8, 16, 24, 27]
var1_108 [0, 5, 8, 16, 24, 27]
var1_109 [0, 5, 8, 16, 24, 27]
var1_110 [0, 5, 8, 16, 24, 27]
var1_111 [0, 5, 8, 16, 24, 27]
var1_112 [0, 5, 8, 16, 24, 27]
var1_113 [0, 5, 8, 16, 24, 27]
var1_114 [0, 5, 8, 16, 24, 27]
var1_115 [0, 5, 8, 16, 24, 27]
var1_116 [0, 5, 8, 16, 24, 27]
var1_117 [0, 5, 8, 16, 24, 27]
var1_118 [0, 5, 8, 16, 24, 27]
var1_119 [0, 5, 8, 16, 24, 27]
var1_120 [0, 5, 8, 16, 24, 27]
var1_121 [0, 5, 8, 16, 24, 27]
var1_122 [0, 5, 8, 16, 24, 27]
var1_123 [0, 5, 8, 16, 24, 27]
var1_124 [0, 5, 8, 16, 24, 27]
var1_125 [0, 5, 8, 16, 24, 27]
var1_126 [0, 5, 8, 16, 24, 27]
var1_127 [0, 5, 8, 16, 24, 27]
var1_128 [0, 5, 8, 16, 24, 27]
var1_129 [0, 5, 8, 16, 24, 27]
var1_130 [0, 5, 8, 16, 24, 27]
var1_131 [0, 5, 8, 16, 24, 27]
var1_132 [0, 5, 8, 16, 24, 27]
var1_133 [0, 5, 8, 16, 24, 27]
var1_134 [0, 5, 8, 16, 24, 27]
var1_135 [0, 5, 8, 16, 24, 27]
var1_136 [0, 5, 8, 16, 24, 27]
var1_137 [0, 5, 8, 16, 24, 27]
var1_138 [0, 5, 8, 16, 24, 27]
var1_139 [0, 5, 8, 16, 24, 27]
var1_140 [0, 5, 8, 16, 24, 27]
var1_141 [0, 5, 8, 16, 24, 27]
var1_142 [0, 5, 8, 16, 24, 27]
var1_143 [0, 5, 8, 16, 24, 27]
var1_144 [0, 5, 8, 16, 24, 27]
var1_145 [0, 5, 8, 16, 24, 27]
var1_146 [0, 5, 8, 16, 24, 27]
var1_147 [0, 5, 8, 16, 24, 27]
var1_148 [0, 5, 8, 16, 24, 27]
var1_149 [0, 5, 8, 16, 24, 27]
var1_150 [0, 5, 8, 16, 24, 27]
var1_151 [0, 5, 8, 16, 24, 27]
var1_152 [0, 5, 8, 16, 24, 27]
var1_153 [0, 5, 8, 16, 24, 27]
var1_154 [0, 5, 8, 16, 24, 27]
var1_155 [0, 5, 8, 16, 24, 27]
var1_156 [0, 5, 8, 16, 24, 27]
var1_157 [0, 5, 8, 16, 24, 27]
var1_158 [0, 5, 8, 16, 24, 27]
var1_159 [0, 5, 8, 16, 24, 27]
var1_160 [0, 5, 8, 16, 24, 27]
var1_161 [0, 5, 8, 16, 24, 27]
var1_162 [0, 5, 8, 16, 24, 27]
var1_163 [0, 5, 8, 16, 24, 27]
var1_164 [0, 5, 8, 16, 24, 27]
var1_165 [0, 5, 8, 16, 24, 27]
var1_166 [0, 5, 8, 16, 24, 27]
var1_167 [0, 5, 8, 16, 24, 27]
var1_168 [0, 5, 8, 16, 24, 27]
var1_169 [0, 5, 8, 16, 24, 27]
var1_170 [0, 5, 8, 16, 24, 27]
var1_171 [0, 5, 8, 16, 24, 27]
var1_172 [0, 5, 8, 16, 24, 27]
var1_173 [0, 5, 8, 16, 24, 27]
var1_174 [0, 5, 8, 16, 24, 27]
var1_175 [0, 5, 8, 16, 24, 27]
var1_176 [0, 5, 8, 16, 24, 27]
var1_177 [0, 5, 8, 16, 24, 27]
var1_178 [0, 5, 8, 16, 24, 27]
var1_179 [0, 5, 8, 16, 24, 27]
var1_180 [0, 5, 8, 16, 24, 27]
var1_181 [0, 5, 8, 16, 24, 27]
var1_182 [0, 5, 8, 16, 24, 27]
var1_183 [0, 5, 8, 16, 24, 27]
var1_184 [0, 5, 8, 16, 24, 27]
var1_185 [0, 5, 8, 16, 24, 27]
var1_186 [0, 5, 8, 16, 24, 27]
var1_187 [0, 5, 8, 16, 24, 27]
var1_188 [0, 5, 8, 16, 24, 27]
var1_189 [0, 5, 8, 16, 24, 27]
var1_190 [0, 5, 8, 16, 24, 27]
var1_191 [0, 5, 8, 16, 24, 27]
var1_192 [0, 5, 8, 16, 24, 27]
var1_193 [0, 5, 8, 16, 24, 27]
var1_194 [0, 5, 8, 16, 24, 27]
var1_195 [0, 5, 8, 16, 24, 27]
var1_196 [0, 5, 8, 16, 24, 27]
var1_197 [0, 5, 8, 16, 24, 27]
var1_198 [0, 5, 8, 16, 24, 27]
var1_199 [0, 5, 8, 16, 24, 27]
var1_200 [0, 5, 8, 16, 24, 27]
var1_201 [0, 5, 8, 16, 24, 27]
var1_202 [0, 5, 8, 16, 24, 27]
var1_203 [0, 5, 8, 16, 24, 27]
var1_204 [0, 5, 8, 16, 24, 27]
var1_205 [0, 5, 8, 16, 24, 27]
var1_206 [0, 5, 8, 16, 24, 27]
var1_207 [0, 5, 8, 16, 24, 27]
var1_208 [0, 5, 8, 16, 24, 27]
var1_209 [0, 5, 8, 16, 24, 27]
var1_210 [0, 5, 8, 16, 24, 27]
var1_211 [0, 5, 8, 16, 24, 27]
var1_212 [0, 5, 8, 16, 24, 27]
var1_213 [0, 5, 8, 16, 24, 27]
var1_214 [0, 5, 8, 16, 24, 27]
var1_215 [0, 5, 8, 16, 24, 27]
var1_216 [0, 5, 8, 16, 24, 27]
var1_217 [0, 5, 8, 16, 24, 27]
var1_218 [0, 5, 8, 16, 24, 27]
var1_219 [0, 5, 8, 16, 24, 27]
var1_220 [0, 5, 8, 16, 24, 27]
var1_221 [0, 5, 8, 16, 24, 27]
var1_222 [0, 5, 8, 16, 24, 27]
var1_223 [0, 5, 8, 16, 24, 27]
var1_224 [0, 5, 8, 16, 24, 27]
var1_225 [0, 5, 8, 16, 24, 27]
var1_226 [0, 5, 8, 16, 24, 27]
var1_227 [0, 5, 8, 16, 24, 27]
var1_228 [0, 5, 8, 16, 24, 27]
var1_229 [0, 5, 8, 16, 24, 27]
var1_230 [0, 5, 8, 16, 24, 27]
var1_231 [0, 5, 8, 16, 24, 27]
var1_232 [0, 5, 8, 16, 24, 27]
var1_233 [0, 5, 8, 16, 24, 27]
var1_234 [0, 5, 8, 16, 24, 27]
var1_235 [0, 5, 8, 16, 24, 27]
var1_236 [0, 5, 8, 16, 24, 27]
var1_237 [0, 5, 8, 16, 24, 27]
var1_238 [0, 5, 8, 16, 24, 27]
var1_239 [0, 5, 8, 16, 24, 27]
var1_240 [0, 5, 8, 16, 24, 27]
var1_241 [0, 5, 8, 16, 24, 27]
var1_242 [0, 5, 8, 16, 24, 27]
var1_243 [0, 5, 8, 16, 24, 27]
var1_244 [0, 5, 8, 16, 24, 27]
var1_245 [0, 5, 8, 16, 24, 27]
var1_246 [0, 5, 8, 16, 24, 27]
var1_247 [0, 5, 8, 16, 24, 27]
var1_248 [0, 5, 8, 16, 24, 27]
var1_249 [0, 5, 8, 16, 24, 27]
var1_250 [0, 5, 8, 16, 24, 27]
var1_251 [0, 5, 8, 16, 24, 27]
var1_252 [0, 5, 8, 16, 24, 27]
var1_253 [0, 5, 8, 16, 24, 27]
var1_254 [0, 5, 8, 16, 24, 27]
var1_255 [0, 5, 8, 16, 24, 27]
var1_256 [0, 5, 8, 16, 24, 27]
var1_257 [0, 5, 8, 16, 24, 27]
var1_258 [0, 5, 8, 16, 24, 27]
var1_259 [0, 5, 8, 16, 24, 27]
var1_260 [0, 5, 8, 16, 24, 27]
var1_261 [0, 5, 8, 16, 24, 27]
var1_262 [0, 5, 8, 16, 24, 27]
var1_263 [0, 5, 8, 16, 24, 27]
var1_264 [0, 5, 8, 16, 24, 27]
var1_265 [0, 5, 8, 16, 24, 27]
var1_266 [0, 5, 8, 16, 24, 27]
var1_267 [0, 5, 8, 16, 24, 27]
var1_268 [0, 5, 8, 16, 24, 27]
var1_269 [0, 5, 8, 16, 24, 27]
var1_270 [0, 5, 8, 16, 24, 27]
var1_271 [0, 5, 8, 16, 24, 27]
var1_272 [0, 5, 8, 16, 24, 27]
var1_273 [0, 5, 8, 16, 24, 27]
var1_274 [0, 5, 8, 16, 24, 27]
var1_275 [0, 5, 8, 16, 24, 27]
var1_276 [0, 5, 8, 16, 24, 27]
var1_277 [0, 5, 8, 16, 24, 27]
var1_278 [0, 5, 8, 16, 24, 27]
var1_279 [0, 5, 8, 16, 24, 27]
var1_280 [0, 5, 8, 16, 24, 27]
var1_281 [0, 5, 8, 16, 24, 27]
var1_282 [0, 5, 8, 16, 24, 27]
var1_283 [0, 5, 8, 16, 24, 27]
var1_284 [0, 5, 8, 16, 24, 27]
var1_285 [0, 5, 8, 16, 24, 27]
var1_286 [0, 5, 8, 16, 24, 27]
var1_287 [0, 5, 8, 16, 24, 27]
var1_288 [0, 5, 8, 16, 24, 27]
var1_289 [0, 5, 8, 16, 24, 27]
var1_290 [0, 5, 8, 16, 24, 27]
var1_291 [0, 5, 8, 16, 24, 27]
var1_292 [0, 5, 8, 16, 24, 27]
var1_293 [0, 5, 8, 16, 24, 27]
var1_294 [0, 5, 8, 16, 24, 27]
var1_295 [0, 5, 8, 16, 24, 27]
var1_296 [0, 5, 8, 16, 24, 27]
var1_297 [0, 5, 8, 16, 24, 27]
var1_298 [0, 5, 8, 16, 24, 27]
var1_299 [0, 5, 8, 16, 24, 27]
var1_300 [0, 5, 8, 16, 24, 27]
var1_301 [0, 5, 8, 16, 24, 27]
var1_302 [0, 5, 8, 16, 24, 27]
var1_303 [0, 5, 8, 16, 24, 27]
var1_304 [0, 5, 8, 16, 24, 27]
var1_305 [0, 5, 8, 16, 24, 27]
var1_306 [0, 5, 8, 16, 24, 27]
var1_307 [0, 5, 8, 16, 24, 27]
var1_308 [0, 5, 8, 16, 24, 27]
var1_309 [0, 5, 8, 16, 24, 27]
var1_310 [0, 5, 8, 16, 24, 27]
var1_311 [0, 5, 8, 16, 24, 27]
var1_312 [0, 5, 8, 16, 24, 27]
var1_313 [0, 5, 8, 16, 24, 27]
var1_314 [0, 5, 8, 16, 24, 27]
var1_315 [0, 5, 8, 16, 24, 27]
var1_316 [0, 5, 8, 16, 24, 27]
var1_317 [0, 5, 8, 16, 24, 27]
var1_318 [0, 5, 8, 16, 24, 27]
var1_319 [0, 5, 8, 16, 24, 27]
var1_320 [0, 5, 8, 16, 24, 27]
var1_321 [0, 5, 8, 16, 24, 27]
var1_322 [0, 5, 8, 16, 24, 27]
var1_323 [0, 5, 8, 16, 24, 27]
var1_324 [0, 5, 8, 16, 24, 27]
var1_325 [0, 5, 8, 16, 24, 27]
var1_326 [0, 5, 8, 16, 24, 27]
var1_327 [0, 5, 8, 16, 24, 27]
var1_328 [0, 5, 8, 16, 24, 27]
var1_329 [0, 5, 8, 16, 24, 27]
var2_0 [0, 8, 12, 17]
var2_1 [0, 8, 12, 17]
var2_2 [0, 8, 12, 17]
var2_3 [0, 8, 12, 17]
var2_4 [0, 8, 12, 17]
var2_5 [0, 8, 12, 17]
var2_6 [0, 8, 12, 17]
var2_7 [0, 8, 12, 17]
var2_8 [0, 8, 12, 17]
var2_9 [0, 8, 12, 17]
var2_10 [0, 8, 12, 17]
var2_11 [0, 8, 12, 17]
var2_12 [0, 8, 12, 17]
var2_13 [0, 8, 12, 17]
var2_14 [0, 8, 12, 17]
var2_15 [0, 8, 12, 17]
var2_16 [0, 8, 12, 17]
var2_17 [0, 8, 12, 17]
var2_18 [0, 8, 12, 17]
var2_19 [0, 8, 12, 17]
var2_20 [0, 8, 12, 17]
var2_21 [0, 8, 12, 17]
var2_22 [0, 8, 12, 17]
var2_23 [0, 8, 12, 17]
var2_24 [0, 8, 12, 17]
var2_25 [0, 8, 12, 17]
var2_26 [0, 8, 12, 17]
var2_27 [0, 8, 12, 17]
var2_28 [0, 8, 12, 17]
var2_29 [0, 8, 12, 17]
var2_30 [0, 8, 12, 17]
var2_31 [0, 8, 12, 17]
var2_32 [0, 8, 12, 17]
var2_33 [0, 8, 12, 17]
var2_34 [0, 8, 12, 17]
var2_35 [0, 8, 12, 17]
var2_36 [0, 8, 12, 17]
var2_37 [0, 8, 12, 17]
var2_38 [0, 8, 12, 17]
var2_39 [0, 8, 12, 17]
var2_40 [0, 8, 12, 17]
var2_41 [0, 8, 12, 17]
var2_42 [0, 8, 12, 17]
var2_43 [0, 8, 12, 17]
var0_0 [0, 1, 17, 24, 25, 26]
var0_1 [0, 1, 17, 24, 25, 26]
var0_2 [0, 1, 17, 24, 25, 26]
var0_3 [0, 1, 17, 24, 25, 26]
var0_4 [0, 1, 17, 24, 25, 26]
var0_5 [0, 1, 17, 24, 25, 26]
var0_6 [0, 1, 17, 24, 25, 26]
var0_7 [0, 1, 17, 24, 25, 26]
var0_8 [0, 1, 17, 24, 25, 26]
var0_9 [0, 1, 17, 24, 25, 26]
var0_10 [0, 1, 17, 24, 25, 26]
var0_11 [0, 1, 17, 24, 25, 26]
var0_12 [0, 1, 17, 24, 25, 26]
var0_13 [0, 1, 17, 24, 25, 26]
var0_14 [0, 1, 17, 24, 25, 26]
var0_15 [0, 1, 17, 24, 25, 26]
var0_16 [0, 1, 17, 24, 25, 26]
var0_17 [0, 1, 17, 24, 25, 26]
var0_18 [0, 1, 17, 24, 25, 26]
var0_19 [0, 1, 17, 24, 25, 26]
var0_20 [0, 1, 17, 24, 25, 26]
var0_21 [0, 1, 17, 24, 25, 26]
var0_22 [0, 1, 17, 24, 25, 26]
var0_23 [0, 1, 17, 24, 25, 26]
var0_24 [0, 1, 17, 24, 25, 26]
var0_25 [0, 1, 17, 24, 25, 26]
var0_26 [0, 1, 17, 24, 25, 26]
var0_27 [0, 1, 17, 24, 25, 26]
var0_28 [0, 1, 17, 24, 25, 26]
var0_29 [0, 1, 17, 24, 25, 26]
var0_30 [0, 1, 17, 24, 25, 26]
var0_31 [0, 1, 17, 24, 25, 26]
var0_32 [0, 1, 17, 24, 25, 26]
var0_33 [0, 1, 17, 24, 25, 26]
var0_34 [0, 1, 17, 24, 25, 26]
var0_35 [0, 1, 17, 24, 25, 26]
var0_36 [0, 1, 17, 24, 25, 26]
var0_37 [0, 1, 17, 24, 25, 26]
var0_38 [0, 1, 17, 24, 25, 26]
var0_39 [0, 1, 17, 24, 25, 26]
var0_40 [0, 1, 17, 24, 25, 26]
var0_41 [0, 1, 17, 24, 25, 26]
var0_42 [0, 1, 17, 24, 25, 26]
var0_43 [0, 1, 17, 24, 25, 26]
var0_44 [0, 1, 17, 24, 25, 26]
var0_45 [0, 1, 17, 24, 25, 26]
var0_46 [0, 1, 17, 24, 25, 26]
var0_47 [0, 1, 17, 24, 25, 26]
var0_48 [0, 1, 17, 24, 25, 26]
var0_49 [0, 1, 17, 24, 25, 26]
var0_50 [0, 1, 17, 24, 25, 26]
var0_51 [0, 1, 17, 24, 25, 26]
var0_52 [0, 1, 17, 24, 25, 26]
var0_53 [0, 1, 17, 24, 25, 26]
var0_54 [0, 1, 17, 24, 25, 26]
var0_55 [0, 1, 17, 24, 25, 26]
var1_0 [0, 5, 9, 17, 24]
var1_1 [0, 5, 9, 17, 24]
var1_2 [0, 5, 9, 17, 24]
var1_3 [0, 5, 9, 17, 24]
var1_4 [0, 5, 9, 17, 24]
var1_5 [0, 5, 9, 17, 24]
var1_6 [0, 5, 9, 17, 24]
var1_7 [0, 5, 9, 17, 24]
var1_8 [0, 5, 9, 17, 24]
var1_9 [0, 5, 9, 17, 24]
var1_10 [0, 5, 9, 17, 24]
var1_11 [0, 5, 9, 17, 24]
var1_12 [0, 5, 9, 17, 24]
var1_13 [0, 5, 9, 17, 24]
var1_14 [0, 5, 9, 17, 24]
var1_15 [0, 5, 9, 17, 24]
var1_16 [0, 5, 9, 17, 24]
var1_17 [0, 5, 9, 17, 24]
var1_18 [0, 5, 9, 17, 24]
var1_19 [0, 5, 9, 17, 24]
var1_20 [0, 5, 9, 17, 24]
var1_21 [0, 5, 9, 17, 24]
var1_22 [0, 5, 9, 17, 24]
var1_23 [0, 5, 9, 17, 24]
var1_24 [0, 5, 9, 17, 24]
var1_25 [0, 5, 9, 17, 24]
var1_26 [0, 5, 9, 17, 24]
var1_27 [0, 5, 9, 17, 24]
var1_28 [0, 5, 9, 17, 24]
var1_29 [0, 5, 9, 17, 24]
var1_30 [0, 5, 9, 17, 24]
var1_31 [0, 5, 9, 17, 24]
var1_32 [0, 5, 9, 17, 24]
var1_33 [0, 5, 9, 17, 24]
var1_34 [0, 5, 9, 17, 24]
var1_35 [0, 5, 9, 17, 24]
var1_36 [0, 5, 9, 17, 24]
var1_37 [0, 5, 9, 17, 24]
var1_38 [0, 5, 9, 17, 24]
var1_39 [0, 5, 9, 17, 24]
var1_40 [0, 5, 9, 17, 24]
var1_41 [0, 5, 9, 17, 24]
var1_42 [0, 5, 9, 17, 24]
var1_43 [0, 5, 9, 17, 24]
var1_44 [0, 5, 9, 17, 24]
var1_45 [0, 5, 9, 17, 24]
var1_46 [0, 5, 9, 17, 24]
var1_47 [0, 5, 9, 17, 24]
var1_48 [0, 5, 9, 17, 24]
var1_49 [0, 5, 9, 17, 24]
var1_50 [0, 5, 9, 17, 24]
var1_51 [0, 5, 9, 17, 24]
var1_52 [0, 5, 9, 17, 24]
var1_53 [0, 5, 9, 17, 24]
var1_54 [0, 5, 9, 17, 24]
var1_55 [0, 5, 9, 17, 24]
var1_56 [0, 5, 9, 17, 24]
var1_57 [0, 5, 9, 17, 24]
var1_58 [0, 5, 9, 17, 24]
var1_59 [0, 5, 9, 17, 24]
var1_60 [0, 5, 9, 17, 24]
var1_61 [0, 5, 9, 17, 24]
var1_62 [0, 5, 9, 17, 24]
var1_63 [0, 5, 9, 17, 24]
var1_64 [0, 5, 9, 17, 24]
var1_65 [0, 5, 9, 17, 24]
var1_66 [0, 5, 9, 17, 24]
var1_67 [0, 5, 9, 17, 24]
var1_68 [0, 5, 9, 17, 24]
var1_69 [0, 5, 9, 17, 24]
var1_70 [0, 5, 9, 17, 24]
var1_71 [0, 5, 9, 17, 24]
var1_72 [0, 5, 9, 17, 24]
var1_73 [0, 5, 9, 17, 24]
var1_74 [0, 5, 9, 17, 24]
var1_75 [0, 5, 9, 17, 24]
var1_76 [0, 5, 9, 17, 24]
var1_77 [0, 5, 9, 17, 24]
var1_78 [0, 5, 9, 17, 24]
var1_79 [0, 5, 9, 17, 24]
var1_80 [0, 5, 9, 17, 24]
var1_81 [0, 5, 9, 17, 24]
var1_82 [0, 5, 9, 17, 24]
var1_83 [0, 5, 9, 17, 24]
var1_84 [0, 5, 9, 17, 24]
var1_85 [0, 5, 9, 17, 24]
var1_86 [0, 5, 9, 17, 24]
var1_87 [0, 5, 9, 17, 24]
var1_88 [0, 5, 9, 17, 24]
var1_89 [0, 5, 9, 17, 24]
var1_90 [0, 5, 9, 17, 24]
var1_91 [0, 5, 9, 17, 24]
var1_92 [0, 5, 9, 17, 24]
var1_93 [0, 5, 9, 17, 24]
var1_94 [0, 5, 9, 17, 24]
var1_95 [0, 5, 9, 17, 24]
var1_96 [0, 5, 9, 17, 24]
var1_97 [0, 5, 9, 17, 24]
var1_98 [0, 5, 9, 17, 24]
var1_99 [0, 5, 9, 17, 24]
var1_100 [0, 5, 9, 17, 24]
var1_101 [0, 5, 9, 17, 24]
var1_102 [0, 5, 9, 17, 24]
var1_103 [0, 5, 9, 17, 24]
var1_104 [0, 5, 9, 17, 24]
var1_105 [0, 5, 9, 17, 24]
var1_106 [0, 5, 9, 17, 24]
var1_107 [0, 5, 9, 17, 24]
var1_108 [0, 5, 9, 17, 24]
var1_109 [0, 5, 9, 17, 24]
var1_110 [0, 5, 9, 17, 24]
var1_111 [0, 5, 9, 17, 24]
var1_112 [0, 5, 9, 17, 24]
var1_113 [0, 5, 9, 17, 24]
var1_114 [0, 5, 9, 17, 24]
var1_115 [0, 5, 9, 17, 24]
var1_116 [0, 5, 9, 17, 24]
var1_117 [0, 5, 9, 17, 24]
var1_118 [0, 5, 9, 17, 24]
var1_119 [0, 5, 9, 17, 24]
var1_120 [0, 5, 9, 17, 24]
var1_121 [0, 5, 9, 17, 24]
var1_122 [0, 5, 9, 17, 24]
var1_123 [0, 5, 9, 17, 24]
var1_124 [0, 5, 9, 17, 24]
var1_125 [0, 5, 9, 17, 24]
var1_126 [0, 5, 9, 17, 24]
var1_127 [0, 5, 9, 17, 24]
var1_128 [0, 5, 9, 17, 24]
var1_129 [0, 5, 9, 17, 24]
var1_130 [0, 5, 9, 17, 24]
var1_131 [0, 5, 9, 17, 24]
var1_132 [0, 5, 9, 17, 24]
var1_133 [0, 5, 9, 17, 24]
var1_134 [0, 5, 9, 17, 24]
var1_135 [0, 5, 9, 17, 24]
var1_136 [0, 5, 9, 17, 24]
var1_137 [0, 5, 9, 17, 24]
var1_138 [0, 5, 9, 17, 24]
var1_139 [0, 5, 9, 17, 24]
var1_140 [0, 5, 9, 17, 24]
var1_141 [0, 5, 9, 17, 24]
var1_142 [0, 5, 9, 17, 24]
var1_143 [0, 5, 9, 17, 24]
var1_144 [0, 5, 9, 17, 24]
var1_145 [0, 5, 9, 17, 24]
var1_146 [0, 5, 9, 17, 24]
var1_147 [0, 5, 9, 17, 24]
var1_148 [0, 5, 9, 17, 24]
var1_149 [0, 5, 9, 17, 24]
var1_150 [0, 5, 9, 17, 24]
var1_151 [0, 5, 9, 17, 24]
var1_152 [0, 5, 9, 17, 24]
var1_153 [0, 5, 9, 17, 24]
var1_154 [0, 5, 9, 17, 24]
var1_155 [0, 5, 9, 17, 24]
var1_156 [0, 5, 9, 17, 24]
var1_157 [0, 5, 9, 17, 24]
var1_158 [0, 5, 9, 17, 24]
var1_159 [0, 5, 9, 17, 24]
var1_160 [0, 5, 9, 17, 24]
var1_161 [0, 5, 9, 17, 24]
var1_162 [0, 5, 9, 17, 24]
var1_163 [0, 5, 9, 17, 24]
var1_164 [0, 5, 9, 17, 24]
var1_165 [0, 5, 9, 17, 24]
var1_166 [0, 5, 9, 17, 24]
var1_167 [0, 5, 9, 17, 24]
var1_168 [0, 5, 9, 17, 24]
var1_169 [0, 5, 9, 17, 24]
var1_170 [0, 5, 9, 17, 24]
var1_171 [0, 5, 9, 17, 24]
var1_172 [0, 5, 9, 17, 24]
var1_173 [0, 5, 9, 17, 24]
var1_174 [0, 5, 9, 17, 24]
var1_175 [0, 5, 9, 17, 24]
var1_176 [0, 5, 9, 17, 24]
var1_177 [0, 5, 9, 17, 24]
var1_178 [0, 5, 9, 17, 24]
var1_179 [0, 5, 9, 17, 24]
var1_180 [0, 5, 9, 17, 24]
var1_181 [0, 5, 9, 17, 24]
var1_182 [0, 5, 9, 17, 24]
var1_183 [0, 5, 9, 17, 24]
var1_184 [0, 5, 9, 17, 24]
var1_185 [0, 5, 9, 17, 24]
var1_186 [0, 5, 9, 17, 24]
var1_187 [0, 5, 9, 17, 24]
var1_188 [0, 5, 9, 17, 24]
var1_189 [0, 5, 9, 17, 24]
var1_190 [0, 5, 9, 17, 24]
var1_191 [0, 5, 9, 17, 24]
var1_192 [0, 5, 9, 17, 24]
var1_193 [0, 5, 9, 17, 24]
var1_194 [0, 5, 9, 17, 24]
var1_195 [0, 5, 9, 17, 24]
var1_196 [0, 5, 9, 17, 24]
var1_197 [0, 5, 9, 17, 24]
var1_198 [0, 5, 9, 17, 24]
var1_199 [0, 5, 9, 17, 24]
var1_200 [0, 5, 9, 17, 24]
var1_201 [0, 5, 9, 17, 24]
var1_202 [0, 5, 9, 17, 24]
var1_203 [0, 5, 9, 17, 24]
var1_204 [0, 5, 9, 17, 24]
var1_205 [0, 5, 9, 17, 24]
var1_206 [0, 5, 9, 17, 24]
var1_207 [0, 5, 9, 17, 24]
var1_208 [0, 5, 9, 17, 24]
var2_0 [0, 9, 13, 18]
var2_1 [0, 9, 13, 18]
var2_2 [0, 9, 13, 18]
var2_3 [0, 9, 13, 18]
var2_4 [0, 9, 13, 18]
var2_5 [0, 9, 13, 18]
var2_6 [0, 9, 13, 18]
var2_7 [0, 9, 13, 18]
var2_8 [0, 9, 13, 18]
var2_9 [0, 9, 13, 18]
var2_10 [0, 9, 13, 18]
var2_11 [0, 9, 13, 18]
var2_12 [0, 9, 13, 18]
var2_13 [0, 9, 13, 18]
var2_14 [0, 9, 13, 18]
var2_15 [0, 9, 13, 18]
var2_16 [0, 9, 13, 18]
var2_17 [0, 9, 13, 18]
var2_18 [0, 9, 13, 18]
var2_19 [0, 9, 13, 18]
var2_20 [0, 9, 13, 18]
var2_21 [0, 9, 13, 18]
var2_22 [0, 9, 13, 18]
var2_23 [0, 9, 13, 18]
var2_24 [0, 9, 13, 18]
var2_25 [0, 9, 13, 18]
var2_26 [0, 9, 13, 18]
var2_27 [0, 9, 13, 18]
var2_28 [0, 9, 13, 18]
var2_29 [0, 9, 13, 18]
var2_30 [0, 9, 13, 18]
var2_31 [0, 9, 13, 18]
var2_32 [0, 9, 13, 18]
var2_33 [0, 9, 13, 18]
var2_34 [0, 9, 13, 18]
var2_35 [0, 9, 13, 18]
var0_0 [0, 1, 17, 24, 25, 26]
var0_1 [0, 1, 17, 24, 25, 26]
var0_2 [0, 1, 17, 24, 25, 26]
var0_3 [0, 1, 17, 24, 25, 26]
var0_4 [0, 1, 17, 24, 25, 26]
var0_5 [0, 1, 17, 24, 25, 26]
var0_6 [0, 1, 17, 24, 25, 26]
var0_7 [0, 1, 17, 24, 25, 26]
var0_8 [0, 1, 17, 24, 25, 26]
var0_9 [0, 1, 17, 24, 25, 26]
var0_10 [0, 1, 17, 24, 25, 26]
var0_11 [0, 1, 17, 24, 25, 26]
var0_12 [0, 1, 17, 24, 25, 26]
var0_13 [0, 1, 17, 24, 25, 26]
var0_14 [0, 1, 17, 24, 25, 26]
var0_15 [0, 1, 17, 24, 25, 26]
var0_16 [0, 1, 17, 24, 25, 26]
var0_17 [0, 1, 17, 24, 25, 26]
var0_18 [0, 1, 17, 24, 25, 26]
var1_0 [0, 5, 9, 17, 24]
var1_1 [0, 5, 9, 17, 24]
var1_2 [0, 5, 9, 17, 24]
var1_3 [0, 5, 9, 17, 24]
var1_4 [0, 5, 9, 17, 24]
var1_5 [0, 5, 9, 17, 24]
var1_6 [0, 5, 9, 17, 24]
var1_7 [0, 5, 9, 17, 24]
var1_8 [0, 5, 9, 17, 24]
var1_9 [0, 5, 9, 17, 24]
var1_10 [0, 5, 9, 17, 24]
var1_11 [0, 5, 9, 17, 24]
var1_12 [0, 5, 9, 17, 24]
var1_13 [0, 5, 9, 17, 24]
var1_14 [0, 5, 9, 17, 24]
var1_15 [0, 5, 9, 17, 24]
var1_16 [0, 5, 9, 17, 24]
var1_17 [0, 5, 9, 17, 24]
var1_18 [0, 5, 9, 17, 24]
var1_19 [0, 5, 9, 17, 24]
var1_20 [0, 5, 9, 17, 24]
var1_21 [0, 5, 9, 17, 24]
var1_22 [0, 5, 9, 17, 24]
var1_23 [0, 5, 9, 17, 24]
var1_24 [0, 5, 9, 17, 24]
var1_25 [0, 5, 9, 17, 24]
var1_26 [0, 5, 9, 17, 24]
var1_27 [0, 5, 9, 17, 24]
var1_28 [0, 5, 9, 17, 24]
var1_29 [0, 5, 9, 17, 24]
var1_30 [0, 5, 9, 17, 24]
var1_31 [0, 5, 9, 17, 24]
var1_32 [0, 5, 9, 17, 24]
var1_33 [0, 5, 9, 17, 24]
var1_34 [0, 5, 9, 17, 24]
var1_35 [0, 5, 9, 17, 24]
var1_36 [0, 5, 9, 17, 24]
var1_37 [0, 5, 9, 17, 24]
var1_38 [0, 5, 9, 17, 24]
var1_39 [0, 5, 9, 17, 24]
var1_40 [0, 5, 9, 17, 24]
var1_41 [0, 5, 9, 17, 24]
var1_42 [0, 5, 9, 17, 24]
var1_43 [0, 5, 9, 17, 24]
var1_44 [0, 5, 9, 17, 24]
var1_45 [0, 5, 9, 17, 24]
var1_46 [0, 5, 9, 17, 24]
var1_47 [0, 5, 9, 17, 24]
var1_48 [0, 5, 9, 17, 24]
var0_0 [0, 1, 17, 24, 25, 26]
var0_1 [0, 1, 17, 24, 25, 26]
var0_2 [0, 1, 17, 24, 25, 26]
var0_3 [0, 1, 17, 24, 25, 26]
var0_4 [0, 1, 17, 24, 25, 26]
var0_5 [0, 1, 17, 24, 25, 26]
var0_6 [0, 1, 17, 24, 25, 26]
var0_7 [0, 1, 17, 24, 25, 26]
var0_8 [0, 1, 17, 24, 25, 26]
var0_9 [0, 1, 17, 24, 25, 26]
var0_10 [0, 1, 17, 24, 25, 26]
var0_11 [0, 1, 17, 24, 25, 26]
var0_12 [0, 1, 17, 24, 25, 26]
var0_13 [0, 1, 17, 24, 25, 26]
var0_14 [0, 1, 17, 24, 25, 26]
var0_15 [0, 1, 17, 24, 25, 26]
var0_16 [0, 1, 17, 24, 25, 26]
var0_17 [0, 1, 17, 24, 25, 26]
var0_18 [0, 1, 17, 24, 25, 26]
var1_0 [0, 5, 9, 17, 24]
var1_1 [0, 5, 9, 17, 24]
var1_2 [0, 5, 9, 17, 24]
var1_3 [0, 5, 9, 17, 24]
var1_4 [0, 5, 9, 17, 24]
var1_5 [0, 5, 9, 17, 24]
var1_6 [0, 5, 9, 17, 24]
var1_7 [0, 5, 9, 17, 24]
var1_8 [0, 5, 9, 17, 24]
var1_9 [0, 5, 9, 17, 24]
var1_10 [0, 5, 9, 17, 24]
var1_11 [0, 5, 9, 17, 24]
var1_12 [0, 5, 9, 17, 24]
var1_13 [0, 5, 9, 17, 24]
var1_14 [0, 5, 9, 17, 24]
var1_15 [0, 5, 9, 17, 24]
var1_16 [0, 5, 9, 17, 24]
var1_17 [0, 5, 9, 17, 24]
var1_18 [0, 5, 9, 17, 24]
var1_19 [0, 5, 9, 17, 24]
var1_20 [0, 5, 9, 17, 24]
var1_21 [0, 5, 9, 17, 24]
var1_22 [0, 5, 9, 17, 24]
var1_23 [0, 5, 9, 17, 24]
var1_24 [0, 5, 9, 17, 24]
var1_25 [0, 5, 9, 17, 24]
var1_26 [0, 5, 9, 17, 24]
var1_27 [0, 5, 9, 17, 24]
var1_28 [0, 5, 9, 17, 24]
var1_29 [0, 5, 9, 17, 24]
var1_30 [0, 5, 9, 17, 24]
var1_31 [0, 5, 9, 17, 24]
var1_32 [0, 5, 9, 17, 24]
var1_33 [0, 5, 9, 17, 24]
var1_34 [0, 5, 9, 17, 24]
var1_35 [0, 5, 9, 17, 24]
var1_36 [0, 5, 9, 17, 24]
var1_37 [0, 5, 9, 17, 24]
var1_38 [0, 5, 9, 17, 24]
var1_39 [0, 5, 9, 17, 24]
var1_40 [0, 5, 9, 17, 24]
var1_41 [0, 5, 9, 17, 24]
var1_42 [0, 5, 9, 17, 24]
var1_43 [0, 5, 9, 17, 24]
var1_44 [0, 5, 9, 17, 24]
var1_45 [0, 5, 9, 17, 24]
var1_46 [0, 5, 9, 17, 24]
var1_47 [0, 5, 9, 17, 24]
var1_48 [0, 5, 9, 17, 24]
var2_0 [13, 18]
var2_1 [13, 18]
var2_2 [13, 18]
var0_0 [0, 1, 17, 24, 25, 26]
var0_1 [0, 1, 17, 24, 25, 26]
var0_2 [0, 1, 17, 24, 25, 26]
var0_3 [0, 1, 17, 24, 25, 26]
var0_4 [0, 1, 17, 24, 25, 26]
var0_5 [0, 1, 17, 24, 25, 26]
var0_6 [0, 1, 17, 24, 25, 26]
var0_7 [0, 1, 17, 24, 25, 26]
var0_8 [0, 1, 17, 24, 25, 26]
var0_9 [0, 1, 17, 24, 25, 26]
var0_10 [0, 1, 17, 24, 25, 26]
var0_11 [0, 1, 17, 24, 25, 26]
var0_12 [0, 1, 17, 24, 25, 26]
var0_13 [0, 1, 17, 24, 25, 26]
var0_14 [0, 1, 17, 24, 25, 26]
var0_15 [0, 1, 17, 24, 25, 26]
var0_16 [0, 1, 17, 24, 25, 26]
var0_17 [0, 1, 17, 24, 25, 26]
var0_18 [0, 1, 17, 24, 25, 26]
var1_0 [0, 5, 9, 17, 24]
var1_1 [0, 5, 9, 17, 24]
var1_2 [0, 5, 9, 17, 24]
var1_3 [0, 5, 9, 17, 24]
var1_4 [0, 5, 9, 17, 24]
var1_5 [0, 5, 9, 17, 24]
var1_6 [0, 5, 9, 17, 24]
var1_7 [0, 5, 9, 17, 24]
var1_8 [0, 5, 9, 17, 24]
var1_9 [0, 5, 9, 17, 24]
var1_10 [0, 5, 9, 17, 24]
var1_11 [0, 5, 9, 17, 24]
var1_12 [0, 5, 9, 17, 24]
var1_13 [0, 5, 9, 17, 24]
var1_14 [0, 5, 9, 17, 24]
var1_15 [0, 5, 9, 17, 24]
var1_16 [0, 5, 9, 17, 24]
var1_17 [0, 5, 9, 17, 24]
var1_18 [0, 5, 9, 17, 24]
var1_19 [0, 5, 9, 17, 24]
var1_20 [0, 5, 9, 17, 24]
var1_21 [0, 5, 9, 17, 24]
var1_22 [0, 5, 9, 17, 24]
var1_23 [0, 5, 9, 17, 24]
var1_24 [0, 5, 9, 17, 24]
var1_25 [0, 5, 9, 17, 24]
var1_26 [0, 5, 9, 17, 24]
var1_27 [0, 5, 9, 17, 24]
var1_28 [0, 5, 9, 17, 24]
var1_29 [0, 5, 9, 17, 24]
var1_30 [0, 5, 9, 17, 24]
var1_31 [0, 5, 9, 17, 24]
var1_32 [0, 5, 9, 17, 24]
var1_33 [0, 5, 9, 17, 24]
var1_34 [0, 5, 9, 17, 24]
var1_35 [0, 5, 9, 17, 24]
var1_36 [0, 5, 9, 17, 24]
var1_37 [0, 5, 9, 17, 24]
var1_38 [0, 5, 9, 17, 24]
var1_39 [0, 5, 9, 17, 24]
var1_40 [0, 5, 9, 17, 24]
var1_41 [0, 5, 9, 17, 24]
var1_42 [0, 5, 9, 17, 24]
var1_43 [0, 5, 9, 17, 24]
var1_44 [0, 5, 9, 17, 24]
var1_45 [0, 5, 9, 17, 24]
var1_46 [0, 5, 9, 17, 24]
var1_47 [0, 5, 9, 17, 24]
var1_48 [0, 5, 9, 17, 24]
var2_0 [13, 18]
var2_1 [13, 18]
var2_2 [13, 18]
var2_3 [13, 18]
var0_0 [0, 1, 17, 24, 25, 26]
var0_1 [0, 1, 17, 24, 25, 26]
var0_2 [0, 1, 17, 24, 25, 26]
var0_3 [0, 1, 17, 24, 25, 26]
var0_4 [0, 1, 17, 24, 25, 26]
var0_5 [0, 1, 17, 24, 25, 26]
var0_6 [0, 1, 17, 24, 25, 26]
var0_7 [0, 1, 17, 24, 25, 26]
var0_8 [0, 1, 17, 24, 25, 26]
var0_9 [0, 1, 17, 24, 25, 26]
var0_10 [0, 1, 17, 24, 25, 26]
var0_11 [0, 1, 17, 24, 25, 26]
var0_12 [0, 1, 17, 24, 25, 26]
var0_13 [0, 1, 17, 24, 25, 26]
var0_14 [0, 1, 17, 24, 25, 26]
var0_15 [0, 1, 17, 24, 25, 26]
var0_16 [0, 1, 17, 24, 25, 26]
var0_17 [0, 1, 17, 24, 25, 26]
var0_18 [0, 1, 17, 24, 25, 26]
var0_19 [0, 1, 17, 24, 25, 26]
var0_20 [0, 1, 17, 24, 25, 26]
var0_21 [0, 1, 17, 24, 25, 26]
var0_22 [0, 1, 17, 24, 25, 26]
var0_23 [0, 1, 17, 24, 25, 26]
var0_24 [0, 1, 17, 24, 25, 26]
var0_25 [0, 1, 17, 24, 25, 26]
var0_26 [0, 1, 17, 24, 25, 26]
var0_27 [0, 1, 17, 24, 25, 26]
var0_28 [0, 1, 17, 24, 25, 26]
var0_29 [0, 1, 17, 24, 25, 26]
var0_30 [0, 1, 17, 24, 25, 26]
var0_31 [0, 1, 17, 24, 25, 26]
var0_32 [0, 1, 17, 24, 25, 26]
var0_33 [0, 1, 17, 24, 25, 26]
var0_34 [0, 1, 17, 24, 25, 26]
var0_35 [0, 1, 17, 24, 25, 26]
var0_36 [0, 1, 17, 24, 25, 26]
var0_37 [0, 1, 17, 24, 25, 26]
var0_38 [0, 1, 17, 24, 25, 26]
var0_39 [0, 1, 17, 24, 25, 26]
var0_40 [0, 1, 17, 24, 25, 26]
var0_41 [0, 1, 17, 24, 25, 26]
var0_42 [0, 1, 17, 24, 25, 26]
var0_43 [0, 1, 17, 24, 25, 26]
var0_44 [0, 1, 17, 24, 25, 26]
var0_45 [0, 1, 17, 24, 25, 26]
var0_46 [0, 1, 17, 24, 25, 26]
var0_47 [0, 1, 17, 24, 25, 26]
var0_48 [0, 1, 17, 24, 25, 26]
var0_49 [0, 1, 17, 24, 25, 26]
var0_50 [0, 1, 17, 24, 25, 26]
var0_51 [0, 1, 17, 24, 25, 26]
var0_52 [0, 1, 17, 24, 25, 26]
var0_53 [0, 1, 17, 24, 25, 26]
var0_54 [0, 1, 17, 24, 25, 26]
var0_55 [0, 1, 17, 24, 25, 26]
var1_0 [0, 5, 9, 17, 24]
var1_1 [0, 5, 9, 17, 24]
var1_2 [0, 5, 9, 17, 24]
var1_3 [0, 5, 9, 17, 24]
var1_4 [0, 5, 9, 17, 24]
var1_5 [0, 5, 9, 17, 24]
var1_6 [0, 5, 9, 17, 24]
var1_7 [0, 5, 9, 17, 24]
var1_8 [0, 5, 9, 17, 24]
var1_9 [0, 5, 9, 17, 24]
var1_10 [0, 5, 9, 17, 24]
var1_11 [0, 5, 9, 17, 24]
var1_12 [0, 5, 9, 17, 24]
var1_13 [0, 5, 9, 17, 24]
var1_14 [0, 5, 9, 17, 24]
var1_15 [0, 5, 9, 17, 24]
var1_16 [0, 5, 9, 17, 24]
var1_17 [0, 5, 9, 17, 24]
var1_18 [0, 5, 9, 17, 24]
var1_19 [0, 5, 9, 17, 24]
var1_20 [0, 5, 9, 17, 24]
var1_21 [0, 5, 9, 17, 24]
var1_22 [0, 5, 9, 17, 24]
var1_23 [0, 5, 9, 17, 24]
var1_24 [0, 5, 9, 17, 24]
var1_25 [0, 5, 9, 17, 24]
var1_26 [0, 5, 9, 17, 24]
var1_27 [0, 5, 9, 17, 24]
var1_28 [0, 5, 9, 17, 24]
var1_29 [0, 5, 9, 17, 24]
var1_30 [0, 5, 9, 17, 24]
var1_31 [0, 5, 9, 17, 24]
var1_32 [0, 5, 9, 17, 24]
var1_33 [0, 5, 9, 17, 24]
var1_34 [0, 5, 9, 17, 24]
var1_35 [0, 5, 9, 17, 24]
var1_36 [0, 5, 9, 17, 24]
var1_37 [0, 5, 9, 17, 24]
var1_38 [0, 5, 9, 17, 24]
var1_39 [0, 5, 9, 17, 24]
var1_40 [0, 5, 9, 17, 24]
var1_41 [0, 5, 9, 17, 24]
var1_42 [0, 5, 9, 17, 24]
var1_43 [0, 5, 9, 17, 24]
var1_44 [0, 5, 9, 17, 24]
var1_45 [0, 5, 9, 17, 24]
var1_46 [0, 5, 9, 17, 24]
var1_47 [0, 5, 9, 17, 24]
var1_48 [0, 5, 9, 17, 24]
var1_49 [0, 5, 9, 17, 24]
var1_50 [0, 5, 9, 17, 24]
var1_51 [0, 5, 9, 17, 24]
var1_52 [0, 5, 9, 17, 24]
var1_53 [0, 5, 9, 17, 24]
var1_54 [0, 5, 9, 17, 24]
var1_55 [0, 5, 9, 17, 24]
var1_56 [0, 5, 9, 17, 24]
var1_57 [0, 5, 9, 17, 24]
var1_58 [0, 5, 9, 17, 24]
var1_59 [0, 5, 9, 17, 24]
var1_60 [0, 5, 9, 17, 24]
var1_61 [0, 5, 9, 17, 24]
var1_62 [0, 5, 9, 17, 24]
var1_63 [0, 5, 9, 17, 24]
var1_64 [0, 5, 9, 17, 24]
var1_65 [0, 5, 9, 17, 24]
var1_66 [0, 5, 9, 17, 24]
var1_67 [0, 5, 9, 17, 24]
var1_68 [0, 5, 9, 17, 24]
var1_69 [0, 5, 9, 17, 24]
var1_70 [0, 5, 9, 17, 24]
var1_71 [0, 5, 9, 17, 24]
var1_72 [0, 5, 9, 17, 24]
var1_73 [0, 5, 9, 17, 24]
var1_74 [0, 5, 9, 17, 24]
var1_75 [0, 5, 9, 17, 24]
var1_76 [0, 5, 9, 17, 24]
var1_77 [0, 5, 9, 17, 24]
var1_78 [0, 5, 9, 17, 24]
var1_79 [0, 5, 9, 17, 24]
var1_80 [0, 5, 9, 17, 24]
var1_81 [0, 5, 9, 17, 24]
var1_82 [0, 5, 9, 17, 24]
var1_83 [0, 5, 9, 17, 24]
var1_84 [0, 5, 9, 17, 24]
var1_85 [0, 5, 9, 17, 24]
var1_86 [0, 5, 9, 17, 24]
var1_87 [0, 5, 9, 17, 24]
var1_88 [0, 5, 9, 17, 24]
var1_89 [0, 5, 9, 17, 24]
var1_90 [0, 5, 9, 17, 24]
var1_91 [0, 5, 9, 17, 24]
var1_92 [0, 5, 9, 17, 24]
var1_93 [0, 5, 9, 17, 24]
var1_94 [0, 5, 9, 17, 24]
var1_95 [0, 5, 9, 17, 24]
var1_96 [0, 5, 9, 17, 24]
var1_97 [0, 5, 9, 17, 24]
var1_98 [0, 5, 9, 17, 24]
var1_99 [0, 5, 9, 17, 24]
var1_100 [0, 5, 9, 17, 24]
var1_101 [0, 5, 9, 17, 24]
var1_102 [0, 5, 9, 17, 24]
var1_103 [0, 5, 9, 17, 24]
var1_104 [0, 5, 9, 17, 24]
var1_105 [0, 5, 9, 17, 24]
var1_106 [0, 5, 9, 17, 24]
var1_107 [0, 5, 9, 17, 24]
var1_108 [0, 5, 9, 17, 24]
var1_109 [0, 5, 9, 17, 24]
var1_110 [0, 5, 9, 17, 24]
var1_111 [0, 5, 9, 17, 24]
var1_112 [0, 5, 9, 17, 24]
var1_113 [0, 5, 9, 17, 24]
var1_114 [0, 5, 9, 17, 24]
var1_115 [0, 5, 9, 17, 24]
var1_116 [0, 5, 9, 17, 24]
var1_117 [0, 5, 9, 17, 24]
var1_118 [0, 5, 9, 17, 24]
var1_119 [0, 5, 9, 17, 24]
var1_120 [0, 5, 9, 17, 24]
var1_121 [0, 5, 9, 17, 24]
var1_122 [0, 5, 9, 17, 24]
var1_123 [0, 5, 9, 17, 24]
var1_124 [0, 5, 9, 17, 24]
var1_125 [0, 5, 9, 17, 24]
var1_126 [0, 5, 9, 17, 24]
var1_127 [0, 5, 9, 17, 24]
var1_128 [0, 5, 9, 17, 24]
var1_129 [0, 5, 9, 17, 24]
var1_130 [0, 5, 9, 17, 24]
var1_131 [0, 5, 9, 17, 24]
var1_132 [0, 5, 9, 17, 24]
var1_133 [0, 5, 9, 17, 24]
var1_134 [0, 5, 9, 17, 24]
var1_135 [0, 5, 9, 17, 24]
var1_136 [0, 5, 9, 17, 24]
var1_137 [0, 5, 9, 17, 24]
var1_138 [0, 5, 9, 17, 24]
var1_139 [0, 5, 9, 17, 24]
var1_140 [0, 5, 9, 17, 24]
var1_141 [0, 5, 9, 17, 24]
var1_142 [0, 5, 9, 17, 24]
var1_143 [0, 5, 9, 17, 24]
var1_144 [0, 5, 9, 17, 24]
var1_145 [0, 5, 9, 17, 24]
var1_146 [0, 5, 9, 17, 24]
var1_147 [0, 5, 9, 17, 24]
var1_148 [0, 5, 9, 17, 24]
var1_149 [0, 5, 9, 17, 24]
var1_150 [0, 5, 9, 17, 24]
var1_151 [0, 5, 9, 17, 24]
var1_152 [0, 5, 9, 17, 24]
var1_153 [0, 5, 9, 17, 24]
var1_154 [0, 5, 9, 17, 24]
var1_155 [0, 5, 9, 17, 24]
var1_156 [0, 5, 9, 17, 24]
var1_157 [0, 5, 9, 17, 24]
var1_158 [0, 5, 9, 17, 24]
var1_159 [0, 5, 9, 17, 24]
var1_160 [0, 5, 9, 17, 24]
var1_161 [0, 5, 9, 17, 24]
var1_162 [0, 5, 9, 17, 24]
var1_163 [0, 5, 9, 17, 24]
var1_164 [0, 5, 9, 17, 24]
var1_165 [0, 5, 9, 17, 24]
var1_166 [0, 5, 9, 17, 24]
var1_167 [0, 5, 9, 17, 24]
var1_168 [0, 5, 9, 17, 24]
var1_169 [0, 5, 9, 17, 24]
var1_170 [0, 5, 9, 17, 24]
var1_171 [0, 5, 9, 17, 24]
var1_172 [0, 5, 9, 17, 24]
var1_173 [0, 5, 9, 17, 24]
var1_174 [0, 5, 9, 17, 24]
var1_175 [0, 5, 9, 17, 24]
var1_176 [0, 5, 9, 17, 24]
var1_177 [0, 5, 9, 17, 24]
var1_178 [0, 5, 9, 17, 24]
var1_179 [0, 5, 9, 17, 24]
var1_180 [0, 5, 9, 17, 24]
var1_181 [0, 5, 9, 17, 24]
var1_182 [0, 5, 9, 17, 24]
var1_183 [0, 5, 9, 17, 24]
var1_184 [0, 5, 9, 17, 24]
var1_185 [0, 5, 9, 17, 24]
var1_186 [0, 5, 9, 17, 24]
var1_187 [0, 5, 9, 17, 24]
var1_188 [0, 5, 9, 17, 24]
var1_189 [0, 5, 9, 17, 24]
var1_190 [0, 5, 9, 17, 24]
var1_191 [0, 5, 9, 17, 24]
var1_192 [0, 5, 9, 17, 24]
var1_193 [0, 5, 9, 17, 24]
var1_194 [0, 5, 9, 17, 24]
var1_195 [0, 5, 9, 17, 24]
var1_196 [0, 5, 9, 17, 24]
var1_197 [0, 5, 9, 17, 24]
var1_198 [0, 5, 9, 17, 24]
var1_199 [0, 5, 9, 17, 24]
var1_200 [0, 5, 9, 17, 24]
var1_201 [0, 5, 9, 17, 24]
var1_202 [0, 5, 9, 17, 24]
var1_203 [0, 5, 9, 17, 24]
var1_204 [0, 5, 9, 17, 24]
var1_205 [0, 5, 9, 17, 24]
var1_206 [0, 5, 9, 17, 24]
var1_207 [0, 5, 9, 17, 24]
var1_208 [0, 5, 9, 17, 24]
var2_0 [0, 9, 13, 18]
var2_1 [0, 9, 13, 18]
var2_2 [0, 9, 13, 18]
var2_3 [0, 9, 13, 18]
var2_4 [0, 9, 13, 18]
var2_5 [0, 9, 13, 18]
var2_6 [0, 9, 13, 18]
var2_7 [0, 9, 13, 18]
var2_8 [0, 9, 13, 18]
var2_9 [0, 9, 13, 18]
var2_10 [0, 9, 13, 18]
var2_11 [0, 9, 13, 18]
var2_12 [0, 9, 13, 18]
var2_13 [0, 9, 13, 18]
var2_14 [0, 9, 13, 18]
var2_15 [0, 9, 13, 18]
var2_16 [0, 9, 13, 18]
var2_17 [0, 9, 13, 18]
var2_18 [0, 9, 13, 18]
var2_19 [0, 9, 13, 18]
var2_20 [0, 9, 13, 18]
var2_21 [0, 9, 13, 18]
var2_22 [0, 9, 13, 18]
var2_23 [0, 9, 13, 18]
var2_24 [0, 9, 13, 18]
var2_25 [0, 9, 13, 18]
var2_26 [0, 9, 13, 18]
var2_27 [0, 9, 13, 18]
var2_28 [0, 9, 13, 18]
var2_29 [0, 9, 13, 18]
var2_30 [0, 9, 13, 18]
var2_31 [0, 9, 13, 18]
var2_32 [0, 9, 13, 18]
var2_33 [0, 9, 13, 18]
var2_34 [0, 9, 13, 18]
var2_35 [0, 9, 13, 18]
var0_0 [0, 1, 17, 24, 25, 26]
var0_1 [0, 1, 17, 24, 25, 26]
var0_2 [0, 1, 17, 24, 25, 26]
var0_3 [0, 1, 17, 24, 25, 26]
var0_4 [0, 1, 17, 24, 25, 26]
var0_5 [0, 1, 17, 24, 25, 26]
var0_6 [0, 1, 17, 24, 25, 26]
var0_7 [0, 1, 17, 24, 25, 26]
var0_8 [0, 1, 17, 24, 25, 26]
var0_9 [0, 1, 17, 24, 25, 26]
var0_10 [0, 1, 17, 24, 25, 26]
var0_11 [0, 1, 17, 24, 25, 26]
var0_12 [0, 1, 17, 24, 25, 26]
var0_13 [0, 1, 17, 24, 25, 26]
var0_14 [0, 1, 17, 24, 25, 26]
var0_15 [0, 1, 17, 24, 25, 26]
var0_16 [0, 1, 17, 24, 25, 26]
var0_17 [0, 1, 17, 24, 25, 26]
var0_18 [0, 1, 17, 24, 25, 26]
var0_19 [0, 1, 17, 24, 25, 26]
var0_20 [0, 1, 17, 24, 25, 26]
var0_21 [0, 1, 17, 24, 25, 26]
var0_22 [0, 1, 17, 24, 25, 26]
var0_23 [0, 1, 17, 24, 25, 26]
var0_24 [0, 1, 17, 24, 25, 26]
var0_25 [0, 1, 17, 24, 25, 26]
var0_26 [0, 1, 17, 24, 25, 26]
var0_27 [0, 1, 17, 24, 25, 26]
var0_28 [0, 1, 17, 24, 25, 26]
var0_29 [0, 1, 17, 24, 25, 26]
var0_30 [0, 1, 17, 24, 25, 26]
var0_31 [0, 1, 17, 24, 25, 26]
var0_32 [0, 1, 17, 24, 25, 26]
var0_33 [0, 1, 17, 24, 25, 26]
var0_34 [0, 1, 17, 24, 25, 26]
var0_35 [0, 1, 17, 24, 25, 26]
var0_36 [0, 1, 17, 24, 25, 26]
var0_37 [0, 1, 17, 24, 25, 26]
var0_38 [0, 1, 17, 24, 25, 26]
var0_39 [0, 1, 17, 24, 25, 26]
var0_40 [0, 1, 17, 24, 25, 26]
var0_41 [0, 1, 17, 24, 25, 26]
var0_42 [0, 1, 17, 24, 25, 26]
var0_43 [0, 1, 17, 24, 25, 26]
var0_44 [0, 1, 17, 24, 25, 26]
var0_45 [0, 1, 17, 24, 25, 26]
var0_46 [0, 1, 17, 24, 25, 26]
var0_47 [0, 1, 17, 24, 25, 26]
var0_48 [0, 1, 17, 24, 25, 26]
var0_49 [0, 1, 17, 24, 25, 26]
var0_50 [0, 1, 17, 24, 25, 26]
var0_51 [0, 1, 17, 24, 25, 26]
var0_52 [0, 1, 17, 24, 25, 26]
var0_53 [0, 1, 17, 24, 25, 26]
var0_54 [0, 1, 17, 24, 25, 26]
var0_55 [0, 1, 17, 24, 25, 26]
var1_0 [0, 5, 9, 17, 24]
var1_1 [0, 5, 9, 17, 24]
var1_2 [0, 5, 9, 17, 24]
var1_3 [0, 5, 9, 17, 24]
var1_4 [0, 5, 9, 17, 24]
var1_5 [0, 5, 9, 17, 24]
var1_6 [0, 5, 9, 17, 24]
var1_7 [0, 5, 9, 17, 24]
var1_8 [0, 5, 9, 17, 24]
var1_9 [0, 5, 9, 17, 24]
var1_10 [0, 5, 9, 17, 24]
var1_11 [0, 5, 9, 17, 24]
var1_12 [0, 5, 9, 17, 24]
var1_13 [0, 5, 9, 17, 24]
var1_14 [0, 5, 9, 17, 24]
var1_15 [0, 5, 9, 17, 24]
var1_16 [0, 5, 9, 17, 24]
var1_17 [0, 5, 9, 17, 24]
var1_18 [0, 5, 9, 17, 24]
var1_19 [0, 5, 9, 17, 24]
var1_20 [0, 5, 9, 17, 24]
var1_21 [0, 5, 9, 17, 24]
var1_22 [0, 5, 9, 17, 24]
var1_23 [0, 5, 9, 17, 24]
var1_24 [0, 5, 9, 17, 24]
var1_25 [0, 5, 9, 17, 24]
var1_26 [0, 5, 9, 17, 24]
var1_27 [0, 5, 9, 17, 24]
var1_28 [0, 5, 9, 17, 24]
var1_29 [0, 5, 9, 17, 24]
var1_30 [0, 5, 9, 17, 24]
var1_31 [0, 5, 9, 17, 24]
var1_32 [0, 5, 9, 17, 24]
var1_33 [0, 5, 9, 17, 24]
var1_34 [0, 5, 9, 17, 24]
var1_35 [0, 5, 9, 17, 24]
var1_36 [0, 5, 9, 17, 24]
var1_37 [0, 5, 9, 17, 24]
var1_38 [0, 5, 9, 17, 24]
var1_39 [0, 5, 9, 17, 24]
var1_40 [0, 5, 9, 17, 24]
var1_41 [0, 5, 9, 17, 24]
var1_42 [0, 5, 9, 17, 24]
var1_43 [0, 5, 9, 17, 24]
var1_44 [0, 5, 9, 17, 24]
var1_45 [0, 5, 9, 17, 24]
var1_46 [0, 5, 9, 17, 24]
var1_47 [0, 5, 9, 17, 24]
var1_48 [0, 5, 9, 17, 24]
var1_49 [0, 5, 9, 17, 24]
var1_50 [0, 5, 9, 17, 24]
var1_51 [0, 5, 9, 17, 24]
var1_52 [0, 5, 9, 17, 24]
var1_53 [0, 5, 9, 17, 24]
var1_54 [0, 5, 9, 17, 24]
var1_55 [0, 5, 9, 17, 24]
var1_56 [0, 5, 9, 17, 24]
var1_57 [0, 5, 9, 17, 24]
var1_58 [0, 5, 9, 17, 24]
var1_59 [0, 5, 9, 17, 24]
var1_60 [0, 5, 9, 17, 24]
var1_61 [0, 5, 9, 17, 24]
var1_62 [0, 5, 9, 17, 24]
var1_63 [0, 5, 9, 17, 24]
var1_64 [0, 5, 9, 17, 24]
var1_65 [0, 5, 9, 17, 24]
var1_66 [0, 5, 9, 17, 24]
var1_67 [0, 5, 9, 17, 24]
var1_68 [0, 5, 9, 17, 24]
var1_69 [0, 5, 9, 17, 24]
var1_70 [0, 5, 9, 17, 24]
var1_71 [0, 5, 9, 17, 24]
var1_72 [0, 5, 9, 17, 24]
var1_73 [0, 5, 9, 17, 24]
var1_74 [0, 5, 9, 17, 24]
var1_75 [0, 5, 9, 17, 24]
var1_76 [0, 5, 9, 17, 24]
var1_77 [0, 5, 9, 17, 24]
var1_78 [0, 5, 9, 17, 24]
var1_79 [0, 5, 9, 17, 24]
var1_80 [0, 5, 9, 17, 24]
var1_81 [0, 5, 9, 17, 24]
var1_82 [0, 5, 9, 17, 24]
var1_83 [0, 5, 9, 17, 24]
var1_84 [0, 5, 9, 17, 24]
var1_85 [0, 5, 9, 17, 24]
var1_86 [0, 5, 9, 17, 24]
var1_87 [0, 5, 9, 17, 24]
var1_88 [0, 5, 9, 17, 24]
var1_89 [0, 5, 9, 17, 24]
var1_90 [0, 5, 9, 17, 24]
var1_91 [0, 5, 9, 17, 24]
var1_92 [0, 5, 9, 17, 24]
var1_93 [0, 5, 9, 17, 24]
var1_94 [0, 5, 9, 17, 24]
var1_95 [0, 5, 9, 17, 24]
var1_96 [0, 5, 9, 17, 24]
var1_97 [0, 5, 9, 17, 24]
var1_98 [0, 5, 9, 17, 24]
var1_99 [0, 5, 9, 17, 24]
var1_100 [0, 5, 9, 17, 24]
var1_101 [0, 5, 9, 17, 24]
var1_102 [0, 5, 9, 17, 24]
var1_103 [0, 5, 9, 17, 24]
var1_104 [0, 5, 9, 17, 24]
var1_105 [0, 5, 9, 17, 24]
var1_106 [0, 5, 9, 17, 24]
var1_107 [0, 5, 9, 17, 24]
var1_108 [0, 5, 9, 17, 24]
var1_109 [0, 5, 9, 17, 24]
var1_110 [0, 5, 9, 17, 24]
var1_111 [0, 5, 9, 17, 24]
var1_112 [0, 5, 9, 17, 24]
var1_113 [0, 5, 9, 17, 24]
var1_114 [0, 5, 9, 17, 24]
var1_115 [0, 5, 9, 17, 24]
var1_116 [0, 5, 9, 17, 24]
var1_117 [0, 5, 9, 17, 24]
var1_118 [0, 5, 9, 17, 24]
var1_119 [0, 5, 9, 17, 24]
var1_120 [0, 5, 9, 17, 24]
var1_121 [0, 5, 9, 17, 24]
var1_122 [0, 5, 9, 17, 24]
var1_123 [0, 5, 9, 17, 24]
var1_124 [0, 5, 9, 17, 24]
var1_125 [0, 5, 9, 17, 24]
var1_126 [0, 5, 9, 17, 24]
var1_127 [0, 5, 9, 17, 24]
var1_128 [0, 5, 9, 17, 24]
var1_129 [0, 5, 9, 17, 24]
var1_130 [0, 5, 9, 17, 24]
var1_131 [0, 5, 9, 17, 24]
var1_132 [0, 5, 9, 17, 24]
var1_133 [0, 5, 9, 17, 24]
var1_134 [0, 5, 9, 17, 24]
var1_135 [0, 5, 9, 17, 24]
var1_136 [0, 5, 9, 17, 24]
var1_137 [0, 5, 9, 17, 24]
var1_138 [0, 5, 9, 17, 24]
var1_139 [0, 5, 9, 17, 24]
var1_140 [0, 5, 9, 17, 24]
var1_141 [0, 5, 9, 17, 24]
var1_142 [0, 5, 9, 17, 24]
var1_143 [0, 5, 9, 17, 24]
var1_144 [0, 5, 9, 17, 24]
var1_145 [0, 5, 9, 17, 24]
var1_146 [0, 5, 9, 17, 24]
var1_147 [0, 5, 9, 17, 24]
var1_148 [0, 5, 9, 17, 24]
var1_149 [0, 5, 9, 17, 24]
var1_150 [0, 5, 9, 17, 24]
var1_151 [0, 5, 9, 17, 24]
var1_152 [0, 5, 9, 17, 24]
var1_153 [0, 5, 9, 17, 24]
var1_154 [0, 5, 9, 17, 24]
var1_155 [0, 5, 9, 17, 24]
var1_156 [0, 5, 9, 17, 24]
var1_157 [0, 5, 9, 17, 24]
var1_158 [0, 5, 9, 17, 24]
var1_159 [0, 5, 9, 17, 24]
var1_160 [0, 5, 9, 17, 24]
var1_161 [0, 5, 9, 17, 24]
var1_162 [0, 5, 9, 17, 24]
var1_163 [0, 5, 9, 17, 24]
var1_164 [0, 5, 9, 17, 24]
var1_165 [0, 5, 9, 17, 24]
var1_166 [0, 5, 9, 17, 24]
var1_167 [0, 5, 9, 17, 24]
var1_168 [0, 5, 9, 17, 24]
var1_169 [0, 5, 9, 17, 24]
var1_170 [0, 5, 9, 17, 24]
var1_171 [0, 5, 9, 17, 24]
var1_172 [0, 5, 9, 17, 24]
var1_173 [0, 5, 9, 17, 24]
var1_174 [0, 5, 9, 17, 24]
var1_175 [0, 5, 9, 17, 24]
var1_176 [0, 5, 9, 17, 24]
var1_177 [0, 5, 9, 17, 24]
var1_178 [0, 5, 9, 17, 24]
var1_179 [0, 5, 9, 17, 24]
var1_180 [0, 5, 9, 17, 24]
var1_181 [0, 5, 9, 17, 24]
var1_182 [0, 5, 9, 17, 24]
var1_183 [0, 5, 9, 17, 24]
var1_184 [0, 5, 9, 17, 24]
var1_185 [0, 5, 9, 17, 24]
var1_186 [0, 5, 9, 17, 24]
var1_187 [0, 5, 9, 17, 24]
var1_188 [0, 5, 9, 17, 24]
var1_189 [0, 5, 9, 17, 24]
var1_190 [0, 5, 9, 17, 24]
var1_191 [0, 5, 9, 17, 24]
var1_192 [0, 5, 9, 17, 24]
var1_193 [0, 5, 9, 17, 24]
var1_194 [0, 5, 9, 17, 24]
var1_195 [0, 5, 9, 17, 24]
var1_196 [0, 5, 9, 17, 24]
var1_197 [0, 5, 9, 17, 24]
var1_198 [0, 5, 9, 17, 24]
var1_199 [0, 5, 9, 17, 24]
var1_200 [0, 5, 9, 17, 24]
var1_201 [0, 5, 9, 17, 24]
var1_202 [0, 5, 9, 17, 24]
var1_203 [0, 5, 9, 17, 24]
var1_204 [0, 5, 9, 17, 24]
var1_205 [0, 5, 9, 17, 24]
var1_206 [0, 5, 9, 17, 24]
var1_207 [0, 5, 9, 17, 24]
var1_208 [0, 5, 9, 17, 24]
var2_0 [0, 9, 13, 18]
var2_1 [0, 9, 13, 18]
var2_2 [0, 9, 13, 18]
var2_3 [0, 9, 13, 18]
var2_4 [0, 9, 13, 18]
var2_5 [0, 9, 13, 18]
var2_6 [0, 9, 13, 18]
var2_7 [0, 9, 13, 18]
var2_8 [0, 9, 13, 18]
var2_9 [0, 9, 13, 18]
var2_10 [0, 9, 13, 18]
var2_11 [0, 9, 13, 18]
var2_12 [0, 9, 13, 18]
var2_13 [0, 9, 13, 18]
var2_14 [0, 9, 13, 18]
var2_15 [0, 9, 13, 18]
var2_16 [0, 9, 13, 18]
var2_17 [0, 9, 13, 18]
var2_18 [0, 9, 13, 18]
var2_19 [0, 9, 13, 18]
var2_20 [0, 9, 13, 18]
var2_21 [0, 9, 13, 18]
var2_22 [0, 9, 13, 18]
var2_23 [0, 9, 13, 18]
var2_24 [0, 9, 13, 18]
var2_25 [0, 9, 13, 18]
var2_26 [0, 9, 13, 18]
var2_27 [0, 9, 13, 18]
var2_28 [0, 9, 13, 18]
var2_29 [0, 9, 13, 18]
var2_30 [0, 9, 13, 18]
var2_31 [0, 9, 13, 18]
var2_32 [0, 9, 13, 18]
var2_33 [0, 9, 13, 18]
var2_34 [0, 9, 13, 18]
var2_35 [0, 9, 13, 18]
var0_0 [0, 1, 17, 24, 25, 26]
var0_1 [0, 1, 17, 24, 25, 26]
var0_2 [0, 1, 17, 24, 25, 26]
var0_3 [0, 1, 17, 24, 25, 26]
var0_4 [0, 1, 17, 24, 25, 26]
var0_5 [0, 1, 17, 24, 25, 26]
var0_6 [0, 1, 17, 24, 25, 26]
var0_7 [0, 1, 17, 24, 25, 26]
var0_8 [0, 1, 17, 24, 25, 26]
var0_9 [0, 1, 17, 24, 25, 26]
var0_10 [0, 1, 17, 24, 25, 26]
var0_11 [0, 1, 17, 24, 25, 26]
var0_12 [0, 1, 17, 24, 25, 26]
var0_13 [0, 1, 17, 24, 25, 26]
var0_14 [0, 1, 17, 24, 25, 26]
var0_15 [0, 1, 17, 24, 25, 26]
var0_16 [0, 1, 17, 24, 25, 26]
var0_17 [0, 1, 17, 24, 25, 26]
var0_18 [0, 1, 17, 24, 25, 26]
var0_19 [0, 1, 17, 24, 25, 26]
var0_20 [0, 1, 17, 24, 25, 26]
var0_21 [0, 1, 17, 24, 25, 26]
var0_22 [0, 1, 17, 24, 25, 26]
var0_23 [0, 1, 17, 24, 25, 26]
var0_24 [0, 1, 17, 24, 25, 26]
var0_25 [0, 1, 17, 24, 25, 26]
var0_26 [0, 1, 17, 24, 25, 26]
var0_27 [0, 1, 17, 24, 25, 26]
var0_28 [0, 1, 17, 24, 25, 26]
var0_29 [0, 1, 17, 24, 25, 26]
var0_30 [0, 1, 17, 24, 25, 26]
var0_31 [0, 1, 17, 24, 25, 26]
var0_32 [0, 1, 17, 24, 25, 26]
var0_33 [0, 1, 17, 24, 25, 26]
var0_34 [0, 1, 17, 24, 25, 26]
var0_35 [0, 1, 17, 24, 25, 26]
var0_36 [0, 1, 17, 24, 25, 26]
var0_37 [0, 1, 17, 24, 25, 26]
var0_38 [0, 1, 17, 24, 25, 26]
var0_39 [0, 1, 17, 24, 25, 26]
var0_40 [0, 1, 17, 24, 25, 26]
var0_41 [0, 1, 17, 24, 25, 26]
var0_42 [0, 1, 17, 24, 25, 26]
var0_43 [0, 1, 17, 24, 25, 26]
var0_44 [0, 1, 17, 24, 25, 26]
var0_45 [0, 1, 17, 24, 25, 26]
var0_46 [0, 1, 17, 24, 25, 26]
var0_47 [0, 1, 17, 24, 25, 26]
var0_48 [0, 1, 17, 24, 25, 26]
var0_49 [0, 1, 17, 24, 25, 26]
var0_50 [0, 1, 17, 24, 25, 26]
var0_51 [0, 1, 17, 24, 25, 26]
var0_52 [0, 1, 17, 24, 25, 26]
var0_53 [0, 1, 17, 24, 25, 26]
var0_54 [0, 1, 17, 24, 25, 26]
var0_55 [0, 1, 17, 24, 25, 26]
var1_0 [0, 5, 9, 17, 24]
var1_1 [0, 5, 9, 17, 24]
var1_2 [0, 5, 9, 17, 24]
var1_3 [0, 5, 9, 17, 24]
var1_4 [0, 5, 9, 17, 24]
var1_5 [0, 5, 9, 17, 24]
var1_6 [0, 5, 9, 17, 24]
var1_7 [0, 5, 9, 17, 24]
var1_8 [0, 5, 9, 17, 24]
var1_9 [0, 5, 9, 17, 24]
var1_10 [0, 5, 9, 17, 24]
var1_11 [0, 5, 9, 17, 24]
var1_12 [0, 5, 9, 17, 24]
var1_13 [0, 5, 9, 17, 24]
var1_14 [0, 5, 9, 17, 24]
var1_15 [0, 5, 9, 17, 24]
var1_16 [0, 5, 9, 17, 24]
var1_17 [0, 5, 9, 17, 24]
var1_18 [0, 5, 9, 17, 24]
var1_19 [0, 5, 9, 17, 24]
var1_20 [0, 5, 9, 17, 24]
var1_21 [0, 5, 9, 17, 24]
var1_22 [0, 5, 9, 17, 24]
var1_23 [0, 5, 9, 17, 24]
var1_24 [0, 5, 9, 17, 24]
var1_25 [0, 5, 9, 17, 24]
var1_26 [0, 5, 9, 17, 24]
var1_27 [0, 5, 9, 17, 24]
var1_28 [0, 5, 9, 17, 24]
var1_29 [0, 5, 9, 17, 24]
var1_30 [0, 5, 9, 17, 24]
var1_31 [0, 5, 9, 17, 24]
var1_32 [0, 5, 9, 17, 24]
var1_33 [0, 5, 9, 17, 24]
var1_34 [0, 5, 9, 17, 24]
var1_35 [0, 5, 9, 17, 24]
var1_36 [0, 5, 9, 17, 24]
var1_37 [0, 5, 9, 17, 24]
var1_38 [0, 5, 9, 17, 24]
var1_39 [0, 5, 9, 17, 24]
var1_40 [0, 5, 9, 17, 24]
var1_41 [0, 5, 9, 17, 24]
var1_42 [0, 5, 9, 17, 24]
var1_43 [0, 5, 9, 17, 24]
var1_44 [0, 5, 9, 17, 24]
var1_45 [0, 5, 9, 17, 24]
var1_46 [0, 5, 9, 17, 24]
var1_47 [0, 5, 9, 17, 24]
var1_48 [0, 5, 9, 17, 24]
var1_49 [0, 5, 9, 17, 24]
var1_50 [0, 5, 9, 17, 24]
var1_51 [0, 5, 9, 17, 24]
var1_52 [0, 5, 9, 17, 24]
var1_53 [0, 5, 9, 17, 24]
var1_54 [0, 5, 9, 17, 24]
var1_55 [0, 5, 9, 17, 24]
var1_56 [0, 5, 9, 17, 24]
var1_57 [0, 5, 9, 17, 24]
var1_58 [0, 5, 9, 17, 24]
var1_59 [0, 5, 9, 17, 24]
var1_60 [0, 5, 9, 17, 24]
var1_61 [0, 5, 9, 17, 24]
var1_62 [0, 5, 9, 17, 24]
var1_63 [0, 5, 9, 17, 24]
var1_64 [0, 5, 9, 17, 24]
var1_65 [0, 5, 9, 17, 24]
var1_66 [0, 5, 9, 17, 24]
var1_67 [0, 5, 9, 17, 24]
var1_68 [0, 5, 9, 17, 24]
var1_69 [0, 5, 9, 17, 24]
var1_70 [0, 5, 9, 17, 24]
var1_71 [0, 5, 9, 17, 24]
var1_72 [0, 5, 9, 17, 24]
var1_73 [0, 5, 9, 17, 24]
var1_74 [0, 5, 9, 17, 24]
var1_75 [0, 5, 9, 17, 24]
var1_76 [0, 5, 9, 17, 24]
var1_77 [0, 5, 9, 17, 24]
var1_78 [0, 5, 9, 17, 24]
var1_79 [0, 5, 9, 17, 24]
var1_80 [0, 5, 9, 17, 24]
var1_81 [0, 5, 9, 17, 24]
var1_82 [0, 5, 9, 17, 24]
var1_83 [0, 5, 9, 17, 24]
var1_84 [0, 5, 9, 17, 24]
var1_85 [0, 5, 9, 17, 24]
var1_86 [0, 5, 9, 17, 24]
var1_87 [0, 5, 9, 17, 24]
var1_88 [0, 5, 9, 17, 24]
var1_89 [0, 5, 9, 17, 24]
var1_90 [0, 5, 9, 17, 24]
var1_91 [0, 5, 9, 17, 24]
var1_92 [0, 5, 9, 17, 24]
var1_93 [0, 5, 9, 17, 24]
var1_94 [0, 5, 9, 17, 24]
var1_95 [0, 5, 9, 17, 24]
var1_96 [0, 5, 9, 17, 24]
var1_97 [0, 5, 9, 17, 24]
var1_98 [0, 5, 9, 17, 24]
var1_99 [0, 5, 9, 17, 24]
var1_100 [0, 5, 9, 17, 24]
var1_101 [0, 5, 9, 17, 24]
var1_102 [0, 5, 9, 17, 24]
var1_103 [0, 5, 9, 17, 24]
var1_104 [0, 5, 9, 17, 24]
var1_105 [0, 5, 9, 17, 24]
var1_106 [0, 5, 9, 17, 24]
var1_107 [0, 5, 9, 17, 24]
var1_108 [0, 5, 9, 17, 24]
var1_109 [0, 5, 9, 17, 24]
var1_110 [0, 5, 9, 17, 24]
var1_111 [0, 5, 9, 17, 24]
var1_112 [0, 5, 9, 17, 24]
var1_113 [0, 5, 9, 17, 24]
var1_114 [0, 5, 9, 17, 24]
var1_115 [0, 5, 9, 17, 24]
var1_116 [0, 5, 9, 17, 24]
var1_117 [0, 5, 9, 17, 24]
var1_118 [0, 5, 9, 17, 24]
var1_119 [0, 5, 9, 17, 24]
var1_120 [0, 5, 9, 17, 24]
var1_121 [0, 5, 9, 17, 24]
var1_122 [0, 5, 9, 17, 24]
var1_123 [0, 5, 9, 17, 24]
var1_124 [0, 5, 9, 17, 24]
var1_125 [0, 5, 9, 17, 24]
var1_126 [0, 5, 9, 17, 24]
var1_127 [0, 5, 9, 17, 24]
var1_128 [0, 5, 9, 17, 24]
var1_129 [0, 5, 9, 17, 24]
var1_130 [0, 5, 9, 17, 24]
var1_131 [0, 5, 9, 17, 24]
var1_132 [0, 5, 9, 17, 24]
var1_133 [0, 5, 9, 17, 24]
var1_134 [0, 5, 9, 17, 24]
var1_135 [0, 5, 9, 17, 24]
var1_136 [0, 5, 9, 17, 24]
var1_137 [0, 5, 9, 17, 24]
var1_138 [0, 5, 9, 17, 24]
var1_139 [0, 5, 9, 17, 24]
var1_140 [0, 5, 9, 17, 24]
var1_141 [0, 5, 9, 17, 24]
var1_142 [0, 5, 9, 17, 24]
var1_143 [0, 5, 9, 17, 24]
var1_144 [0, 5, 9, 17, 24]
var1_145 [0, 5, 9, 17, 24]
var1_146 [0, 5, 9, 17, 24]
var1_147 [0, 5, 9, 17, 24]
var1_148 [0, 5, 9, 17, 24]
var1_149 [0, 5, 9, 17, 24]
var1_150 [0, 5, 9, 17, 24]
var1_151 [0, 5, 9, 17, 24]
var1_152 [0, 5, 9, 17, 24]
var1_153 [0, 5, 9, 17, 24]
var1_154 [0, 5, 9, 17, 24]
var1_155 [0, 5, 9, 17, 24]
var1_156 [0, 5, 9, 17, 24]
var1_157 [0, 5, 9, 17, 24]
var1_158 [0, 5, 9, 17, 24]
var1_159 [0, 5, 9, 17, 24]
var1_160 [0, 5, 9, 17, 24]
var1_161 [0, 5, 9, 17, 24]
var1_162 [0, 5, 9, 17, 24]
var1_163 [0, 5, 9, 17, 24]
var1_164 [0, 5, 9, 17, 24]
var1_165 [0, 5, 9, 17, 24]
var1_166 [0, 5, 9, 17, 24]
var1_167 [0, 5, 9, 17, 24]
var1_168 [0, 5, 9, 17, 24]
var1_169 [0, 5, 9, 17, 24]
var1_170 [0, 5, 9, 17, 24]
var1_171 [0, 5, 9, 17, 24]
var1_172 [0, 5, 9, 17, 24]
var1_173 [0, 5, 9, 17, 24]
var1_174 [0, 5, 9, 17, 24]
var1_175 [0, 5, 9, 17, 24]
var1_176 [0, 5, 9, 17, 24]
var1_177 [0, 5, 9, 17, 24]
var1_178 [0, 5, 9, 17, 24]
var1_179 [0, 5, 9, 17, 24]
var1_180 [0, 5, 9, 17, 24]
var1_181 [0, 5, 9, 17, 24]
var1_182 [0, 5, 9, 17, 24]
var1_183 [0, 5, 9, 17, 24]
var1_184 [0, 5, 9, 17, 24]
var1_185 [0, 5, 9, 17, 24]
var1_186 [0, 5, 9, 17, 24]
var1_187 [0, 5, 9, 17, 24]
var1_188 [0, 5, 9, 17, 24]
var1_189 [0, 5, 9, 17, 24]
var1_190 [0, 5, 9, 17, 24]
var1_191 [0, 5, 9, 17, 24]
var1_192 [0, 5, 9, 17, 24]
var1_193 [0, 5, 9, 17, 24]
var1_194 [0, 5, 9, 17, 24]
var1_195 [0, 5, 9, 17, 24]
var1_196 [0, 5, 9, 17, 24]
var1_197 [0, 5, 9, 17, 24]
var1_198 [0, 5, 9, 17, 24]
var1_199 [0, 5, 9, 17, 24]
var1_200 [0, 5, 9, 17, 24]
var1_201 [0, 5, 9, 17, 24]
var1_202 [0, 5, 9, 17, 24]
var1_203 [0, 5, 9, 17, 24]
var1_204 [0, 5, 9, 17, 24]
var1_205 [0, 5, 9, 17, 24]
var1_206 [0, 5, 9, 17, 24]
var1_207 [0, 5, 9, 17, 24]
var1_208 [0, 5, 9, 17, 24]
var2_0 [0, 9, 13, 18]
var2_1 [0, 9, 13, 18]
var2_2 [0, 9, 13, 18]
var2_3 [0, 9, 13, 18]
var2_4 [0, 9, 13, 18]
var2_5 [0, 9, 13, 18]
var2_6 [0, 9, 13, 18]
var2_7 [0, 9, 13, 18]
var2_8 [0, 9, 13, 18]
var2_9 [0, 9, 13, 18]
var2_10 [0, 9, 13, 18]
var2_11 [0, 9, 13, 18]
var2_12 [0, 9, 13, 18]
var2_13 [0, 9, 13, 18]
var2_14 [0, 9, 13, 18]
var2_15 [0, 9, 13, 18]
var2_16 [0, 9, 13, 18]
var2_17 [0, 9, 13, 18]
var2_18 [0, 9, 13, 18]
var2_19 [0, 9, 13, 18]
var2_20 [0, 9, 13, 18]
var2_21 [0, 9, 13, 18]
var2_22 [0, 9, 13, 18]
var2_23 [0, 9, 13, 18]
var2_24 [0, 9, 13, 18]
var2_25 [0, 9, 13, 18]
var2_26 [0, 9, 13, 18]
var2_27 [0, 9, 13, 18]
var2_28 [0, 9, 13, 18]
var2_29 [0, 9, 13, 18]
var2_30 [0, 9, 13, 18]
var2_31 [0, 9, 13, 18]
var2_32 [0, 9, 13, 18]
var2_33 [0, 9, 13, 18]
var2_34 [0, 9, 13, 18]
var2_35 [0, 9, 13, 18]
