var0_0 [10, 23]
var0_1 [10, 23]
var1_0 [16, 28, 30, 59]
var1_1 [16, 28, 30, 59]
var0_0 [18, 24, 28, 29, 30, 31]
var0_1 [18, 24, 28, 29, 30, 31]
var0_0 [15, 24, 25, 26, 27, 28, 29, 30, 31]
var0_1 [15, 24, 25, 26, 27, 28, 29, 30, 31]
var0_0 [15, 24, 25, 26, 27, 28, 29, 30, 31]
var0_1 [15, 24, 25, 26, 27, 28, 29, 30, 31]
var0_0 [15, 24, 25, 26, 27, 28, 29, 30, 31]
var0_1 [15, 24, 25, 26, 27, 28, 29, 30, 31]
var0_0 [15, 24, 25, 26, 27, 28, 29, 30, 31]
var0_1 [15, 24, 25, 26, 27, 28, 29, 30, 31]
var0_0 [15, 24, 25, 26, 27, 28, 29, 30, 31]
var0_1 [15, 24, 25, 26, 27, 28, 29, 30, 31]
var0_0 [15, 24, 25, 26, 27, 28, 29, 30, 31]
var0_1 [15, 24, 25, 26, 27, 28, 29, 30, 31]
var0_0 [15, 24, 25, 26, 27, 28, 29, 30, 31]
var0_1 [15, 24, 25, 26, 27, 28, 29, 30, 31]
var0_0 [15, 24, 25, 26, 27, 28, 29, 30, 31]
var0_1 [15, 24, 25, 26, 27, 28, 29, 30, 31]
var0_0 [15, 24, 25, 26, 27, 28, 29, 30, 31]
var0_1 [15, 24, 25, 26, 27, 28, 29, 30, 31]
var0_0 [15, 24, 25, 26, 27, 28, 29, 30, 31]
var0_1 [15, 24, 25, 26, 27, 28, 29, 30, 31]
var0_0 [15, 24, 25, 26, 27, 28, 29, 30, 31]
var0_1 [15, 24, 25, 26, 27, 28, 29, 30, 31]
var0_0 [15, 24, 25, 26, 27, 28, 29, 30, 31]
var0_1 [15, 24, 25, 26, 27, 28, 29, 30, 31]
var0_0 [10, 23]
var0_1 [10, 23]
var1_0 [16, 28, 30, 59]
var1_1 [16, 28, 30, 59]
var1_2 [16, 28, 30, 59]
var0_0 [18, 24, 28, 29, 30, 31]
var0_1 [18, 24, 28, 29, 30, 31]
var0_0 [15, 24, 25, 26, 27, 28, 29, 30, 31]
var0_1 [15, 24, 25, 26, 27, 28, 29, 30, 31]
var0_0 [15, 24, 25, 26, 27, 28, 29, 30, 31]
var0_1 [15, 24, 25, 26, 27, 28, 29, 30, 31]
var0_0 [10, 23]
var0_1 [10, 23]
var1_0 [16, 28, 30, 59]
var1_1 [16, 28, 30, 59]
var1_2 [16, 28, 30, 59]
var0_0 [18, 24, 28, 29, 30, 31]
var0_1 [18, 24, 28, 29, 30, 31]
var0_0 [15, 24, 25, 26, 27, 28, 29, 30, 31]
var0_1 [15, 24, 25, 26, 27, 28, 29, 30, 31]
var0_0 [10, 23]
var0_1 [10, 23]
var1_0 [16, 28, 30, 59]
var1_1 [16, 28, 30, 59]
var1_2 [16, 28, 30, 59]
var0_0 [10, 23]
var0_1 [10, 23]
var1_0 [16, 28, 30, 59]
var1_1 [16, 28, 30, 59]
var1_2 [16, 28, 30, 59]
var0_0 [18, 24, 28, 29, 30, 31]
var0_1 [18, 24, 28, 29, 30, 31]
var0_0 [15, 24, 25, 26, 27, 28, 29, 30, 31]
var0_1 [15, 24, 25, 26, 27, 28, 29, 30, 31]
var0_0 [15, 24, 25, 26, 27, 28, 29, 30, 31]
var0_1 [15, 24, 25, 26, 27, 28, 29, 30, 31]
var0_0 [15, 24, 25, 26, 27, 28, 29, 30, 31]
var0_1 [15, 24, 25, 26, 27, 28, 29, 30, 31]
var0_0 [15, 24, 25, 26, 27, 28, 29, 30, 31]
var0_1 [15, 24, 25, 26, 27, 28, 29, 30, 31]
var0_0 [15, 24, 25, 26, 27, 28, 29, 30, 31]
var0_1 [15, 24, 25, 26, 27, 28, 29, 30, 31]
var0_0 [15, 24, 25, 26, 27, 28, 29, 30, 31]
var0_1 [15, 24, 25, 26, 27, 28, 29, 30, 31]
var0_0 [15, 24, 25, 26, 27, 28, 29, 30, 31]
var0_1 [15, 24, 25, 26, 27, 28, 29, 30, 31]
var0_0 [15, 24, 25, 26, 27, 28, 29, 30, 31]
var0_1 [15, 24, 25, 26, 27, 28, 29, 30, 31]
var0_0 [10, 23]
var0_1 [10, 23]
