var0_0 [5, 24]
var0_1 [5, 24]
var1_0 [17, 18, 26]
var1_1 [17, 18, 26]
var1_2 [17, 18, 26]
var0_0 [5, 24]
var0_1 [5, 24]
var1_0 [17, 18, 26]
var1_1 [17, 18, 26]
var1_2 [17, 18, 26]
var0_0 [5, 24]
var0_1 [5, 24]
var1_0 [17, 18, 26]
var1_1 [17, 18, 26]
var1_2 [17, 18, 26]
var0_0 [5, 24]
var0_1 [5, 24]
var1_0 [17, 18, 26]
var1_1 [17, 18, 26]
var1_2 [17, 18, 26]
var0_0 [5, 24]
var0_1 [5, 24]
var1_0 [17, 18, 26]
var1_1 [17, 18, 26]
var1_2 [17, 18, 26]
var0_0 [5, 24]
var0_1 [5, 24]
var1_0 [17, 18, 26]
var1_1 [17, 18, 26]
var1_2 [17, 18, 26]
