var0_0 [5, 27, 36, 38, 39, 42]
var0_1 [5, 27, 36, 38, 39, 42]
var0_2 [5, 27, 36, 38, 39, 42]
var1_0 [18, 26, 59]
var1_1 [18, 26, 59]
var0_0 [5, 36, 39, 59]
var0_1 [5, 36, 39, 59]
var1_0 [17, 28, 30, 32, 43]
var1_1 [17, 28, 30, 32, 43]
var0_0 [5, 36, 39, 59]
var0_1 [5, 36, 39, 59]
var1_0 [17, 28, 30, 32, 43]
var1_1 [17, 28, 30, 32, 43]
var0_0 [5, 36, 39, 59]
var0_1 [5, 36, 39, 59]
var1_0 [17, 28, 30, 32, 43]
var1_1 [17, 28, 30, 32, 43]
var0_0 [5, 36, 39, 59]
var0_1 [5, 36, 39, 59]
var1_0 [17, 28, 30, 32, 43]
var1_1 [17, 28, 30, 32, 43]
var0_0 [5, 36, 39, 59]
var0_1 [5, 36, 39, 59]
var1_0 [17, 28, 30, 32, 43]
var1_1 [17, 28, 30, 32, 43]
var0_0 [5, 36, 39, 59]
var0_1 [5, 36, 39, 59]
var1_0 [17, 28, 30, 32, 43]
var1_1 [17, 28, 30, 32, 43]
var0_0 [5, 36, 39, 59]
var0_1 [5, 36, 39, 59]
var1_0 [17, 28, 30, 32, 43]
var1_1 [17, 28, 30, 32, 43]
var0_0 [5, 36, 39, 59]
var0_1 [5, 36, 39, 59]
var1_0 [17, 28, 30, 32, 43]
var1_1 [17, 28, 30, 32, 43]
var0_0 [5, 36, 39, 59]
var0_1 [5, 36, 39, 59]
var1_0 [17, 28, 30, 32, 43]
var1_1 [17, 28, 30, 32, 43]
var0_0 [5, 36, 39, 59]
var0_1 [5, 36, 39, 59]
var1_0 [17, 28, 30, 32, 43]
var1_1 [17, 28, 30, 32, 43]
var0_0 [5, 27, 36, 38, 39, 42]
var0_1 [5, 27, 36, 38, 39, 42]
var0_2 [5, 27, 36, 38, 39, 42]
var1_0 [18, 26, 59]
var1_1 [18, 26, 59]
var0_0 [5, 36, 39, 59]
var0_1 [5, 36, 39, 59]
var1_0 [17, 28, 30, 32, 43]
var1_1 [17, 28, 30, 32, 43]
var0_0 [5, 36, 39, 59]
var0_1 [5, 36, 39, 59]
var1_0 [17, 28, 30, 32, 43]
var1_1 [17, 28, 30, 32, 43]
var0_0 [5, 27, 36, 38, 39, 42]
var0_1 [5, 27, 36, 38, 39, 42]
var0_2 [5, 27, 36, 38, 39, 42]
var1_0 [18, 26, 59]
var1_1 [18, 26, 59]
var0_0 [5, 36, 39, 59]
var0_1 [5, 36, 39, 59]
var1_0 [17, 28, 30, 32, 43]
var1_1 [17, 28, 30, 32, 43]
var0_0 [5, 27, 36, 38, 39, 42]
var0_1 [5, 27, 36, 38, 39, 42]
var0_2 [5, 27, 36, 38, 39, 42]
var1_0 [18, 26, 59]
var1_1 [18, 26, 59]
var0_0 [5, 27, 36, 38, 39, 42]
var0_1 [5, 27, 36, 38, 39, 42]
var0_2 [5, 27, 36, 38, 39, 42]
var1_0 [18, 26, 59]
var1_1 [18, 26, 59]
var0_0 [5, 36, 39, 59]
var0_1 [5, 36, 39, 59]
var1_0 [17, 28, 30, 32, 43]
var1_1 [17, 28, 30, 32, 43]
var0_0 [5, 36, 39, 59]
var0_1 [5, 36, 39, 59]
var1_0 [17, 28, 30, 32, 43]
var1_1 [17, 28, 30, 32, 43]
var0_0 [5, 36, 39, 59]
var0_1 [5, 36, 39, 59]
var1_0 [17, 28, 30, 32, 43]
var1_1 [17, 28, 30, 32, 43]
var0_0 [5, 36, 39, 59]
var0_1 [5, 36, 39, 59]
var1_0 [17, 28, 30, 32, 43]
var1_1 [17, 28, 30, 32, 43]
var0_0 [5, 36, 39, 59]
var0_1 [5, 36, 39, 59]
var1_0 [17, 28, 30, 32, 43]
var1_1 [17, 28, 30, 32, 43]
var0_0 [5, 36, 39, 59]
var0_1 [5, 36, 39, 59]
var1_0 [17, 28, 30, 32, 43]
var1_1 [17, 28, 30, 32, 43]
var0_0 [5, 36, 39, 59]
var0_1 [5, 36, 39, 59]
var1_0 [17, 28, 30, 32, 43]
var1_1 [17, 28, 30, 32, 43]
var0_0 [5, 36, 39, 59]
var0_1 [5, 36, 39, 59]
var1_0 [17, 28, 30, 32, 43]
var1_1 [17, 28, 30, 32, 43]
var0_0 [5, 27, 36, 38, 39, 42]
var0_1 [5, 27, 36, 38, 39, 42]
var0_2 [5, 27, 36, 38, 39, 42]
var1_0 [18, 26, 59]
var1_1 [18, 26, 59]
var0_0 [5, 27, 36, 38, 39, 42]
var0_1 [5, 27, 36, 38, 39, 42]
var0_2 [5, 27, 36, 38, 39, 42]
var0_3 [5, 27, 36, 38, 39, 42]
var0_4 [5, 27, 36, 38, 39, 42]
var0_5 [5, 27, 36, 38, 39, 42]
var0_0 [5, 27, 36, 38, 39, 42]
var0_1 [5, 27, 36, 38, 39, 42]
var0_2 [5, 27, 36, 38, 39, 42]
var0_3 [5, 27, 36, 38, 39, 42]
var0_4 [5, 27, 36, 38, 39, 42]
var0_5 [5, 27, 36, 38, 39, 42]
var0_0 [5, 27, 36, 38, 39, 42]
var0_1 [5, 27, 36, 38, 39, 42]
var0_2 [5, 27, 36, 38, 39, 42]
var0_3 [5, 27, 36, 38, 39, 42]
var0_0 [5, 27, 36, 38, 39, 42]
var0_1 [5, 27, 36, 38, 39, 42]
var0_2 [5, 27, 36, 38, 39, 42]
var0_3 [5, 27, 36, 38, 39, 42]
var0_0 [5, 27, 36, 38, 39, 42]
var0_1 [5, 27, 36, 38, 39, 42]
var0_2 [5, 27, 36, 38, 39, 42]
var0_3 [5, 27, 36, 38, 39, 42]
var0_4 [5, 27, 36, 38, 39, 42]
var1_0 [18, 26, 59]
var1_1 [18, 26, 59]
var0_0 [5, 27, 36, 38, 39, 42]
var0_1 [5, 27, 36, 38, 39, 42]
var0_2 [5, 27, 36, 38, 39, 42]
var0_3 [5, 27, 36, 38, 39, 42]
var0_4 [5, 27, 36, 38, 39, 42]
var1_0 [18, 26, 59]
var1_1 [18, 26, 59]
var0_0 [5, 27, 36, 38, 39, 42]
var0_1 [5, 27, 36, 38, 39, 42]
var0_2 [5, 27, 36, 38, 39, 42]
var0_3 [5, 27, 36, 38, 39, 42]
var0_4 [5, 27, 36, 38, 39, 42]
var1_0 [18, 26, 59]
var1_1 [18, 26, 59]
var0_0 [5, 27, 36, 38, 39, 42]
var0_1 [5, 27, 36, 38, 39, 42]
var0_2 [5, 27, 36, 38, 39, 42]
var0_3 [5, 27, 36, 38, 39, 42]
var0_4 [5, 27, 36, 38, 39, 42]
var1_0 [18, 26, 59]
var1_1 [18, 26, 59]
var0_0 [5, 27, 36, 38, 39, 42]
var0_1 [5, 27, 36, 38, 39, 42]
var0_2 [5, 27, 36, 38, 39, 42]
var0_3 [5, 27, 36, 38, 39, 42]
var0_4 [5, 27, 36, 38, 39, 42]
var1_0 [18, 26, 59]
var1_1 [18, 26, 59]
var1_2 [18, 26, 59]
var0_0 [5, 27, 36, 38, 39, 42]
var0_1 [5, 27, 36, 38, 39, 42]
var0_2 [5, 27, 36, 38, 39, 42]
var0_3 [5, 27, 36, 38, 39, 42]
var0_4 [5, 27, 36, 38, 39, 42]
var1_0 [18, 26, 59]
var1_1 [18, 26, 59]
var1_2 [18, 26, 59]
var0_0 [5, 27, 36, 38, 39, 42, 59]
var0_1 [5, 27, 36, 38, 39, 42, 59]
var0_2 [5, 27, 36, 38, 39, 42, 59]
var0_3 [5, 27, 36, 38, 39, 42, 59]
var0_4 [5, 27, 36, 38, 39, 42, 59]
var0_5 [5, 27, 36, 38, 39, 42, 59]
var1_0 [17, 28, 30, 32, 43]
var1_1 [17, 28, 30, 32, 43]
var0_0 [5, 27, 36, 38, 39, 42, 59]
var0_1 [5, 27, 36, 38, 39, 42, 59]
var0_2 [5, 27, 36, 38, 39, 42, 59]
var0_3 [5, 27, 36, 38, 39, 42, 59]
var0_4 [5, 27, 36, 38, 39, 42, 59]
var0_5 [5, 27, 36, 38, 39, 42, 59]
var1_0 [17, 28, 30, 32, 43]
var1_1 [17, 28, 30, 32, 43]
var1_2 [17, 28, 30, 32, 43]
var1_3 [17, 28, 30, 32, 43]
var0_0 [5, 27, 36, 38, 39, 42, 59]
var0_1 [5, 27, 36, 38, 39, 42, 59]
var0_2 [5, 27, 36, 38, 39, 42, 59]
var0_3 [5, 27, 36, 38, 39, 42, 59]
var0_4 [5, 27, 36, 38, 39, 42, 59]
var0_5 [5, 27, 36, 38, 39, 42, 59]
var1_0 [17, 28, 30, 32, 43]
var1_1 [17, 28, 30, 32, 43]
var1_2 [17, 28, 30, 32, 43]
var1_3 [17, 28, 30, 32, 43]
var0_0 [5, 27, 36, 38, 39, 42, 59]
var0_1 [5, 27, 36, 38, 39, 42, 59]
var0_2 [5, 27, 36, 38, 39, 42, 59]
var0_3 [5, 27, 36, 38, 39, 42, 59]
var0_4 [5, 27, 36, 38, 39, 42, 59]
var0_5 [5, 27, 36, 38, 39, 42, 59]
var1_0 [17, 28, 30, 32, 43]
var1_1 [17, 28, 30, 32, 43]
var1_2 [17, 28, 30, 32, 43]
var1_3 [17, 28, 30, 32, 43]
var0_0 [5, 27, 36, 38, 39, 42, 59]
var0_1 [5, 27, 36, 38, 39, 42, 59]
var0_2 [5, 27, 36, 38, 39, 42, 59]
var0_3 [5, 27, 36, 38, 39, 42, 59]
var0_4 [5, 27, 36, 38, 39, 42, 59]
var0_5 [5, 27, 36, 38, 39, 42, 59]
var1_0 [17, 28, 30, 32, 43]
var1_1 [17, 28, 30, 32, 43]
var1_2 [17, 28, 30, 32, 43]
var1_3 [17, 28, 30, 32, 43]
var0_0 [5, 27, 36, 38, 39, 42, 59]
var0_1 [5, 27, 36, 38, 39, 42, 59]
var0_2 [5, 27, 36, 38, 39, 42, 59]
var0_3 [5, 27, 36, 38, 39, 42, 59]
var0_4 [5, 27, 36, 38, 39, 42, 59]
var0_5 [5, 27, 36, 38, 39, 42, 59]
var1_0 [17, 28, 30, 32, 43]
var1_1 [17, 28, 30, 32, 43]
var1_2 [17, 28, 30, 32, 43]
var1_3 [17, 28, 30, 32, 43]
var0_0 [5, 27, 36, 38, 39, 42, 59]
var0_1 [5, 27, 36, 38, 39, 42, 59]
var0_2 [5, 27, 36, 38, 39, 42, 59]
var0_3 [5, 27, 36, 38, 39, 42, 59]
var0_4 [5, 27, 36, 38, 39, 42, 59]
var0_5 [5, 27, 36, 38, 39, 42, 59]
var1_0 [17, 28, 30, 32, 43]
var1_1 [17, 28, 30, 32, 43]
var1_2 [17, 28, 30, 32, 43]
var1_3 [17, 28, 30, 32, 43]
var0_0 [5, 27, 36, 38, 39, 42, 59]
var0_1 [5, 27, 36, 38, 39, 42, 59]
var0_2 [5, 27, 36, 38, 39, 42, 59]
var0_3 [5, 27, 36, 38, 39, 42, 59]
var0_4 [5, 27, 36, 38, 39, 42, 59]
var0_5 [5, 27, 36, 38, 39, 42, 59]
var1_0 [17, 28, 30, 32, 43]
var1_1 [17, 28, 30, 32, 43]
var1_2 [17, 28, 30, 32, 43]
var0_0 [5, 27, 36, 38, 39, 42, 59]
var0_1 [5, 27, 36, 38, 39, 42, 59]
var0_2 [5, 27, 36, 38, 39, 42, 59]
var1_0 [17, 28, 30, 32, 43]
var1_1 [17, 28, 30, 32, 43]
var0_0 [5, 27, 36, 38, 39, 42, 59]
var0_1 [5, 27, 36, 38, 39, 42, 59]
var0_2 [5, 27, 36, 38, 39, 42, 59]
var0_3 [5, 27, 36, 38, 39, 42, 59]
var1_0 [17, 28, 30, 32, 43]
var1_1 [17, 28, 30, 32, 43]
var0_0 [5, 27, 36, 38, 39, 42, 59]
var0_1 [5, 27, 36, 38, 39, 42, 59]
var0_2 [5, 27, 36, 38, 39, 42, 59]
var0_3 [5, 27, 36, 38, 39, 42, 59]
var0_4 [5, 27, 36, 38, 39, 42, 59]
var1_0 [17, 28, 30, 32, 43]
var1_1 [17, 28, 30, 32, 43]
var1_2 [17, 28, 30, 32, 43]
var0_0 [5, 27, 36, 38, 39, 42, 59]
var0_1 [5, 27, 36, 38, 39, 42, 59]
var0_2 [5, 27, 36, 38, 39, 42, 59]
var0_3 [5, 27, 36, 38, 39, 42, 59]
var0_4 [5, 27, 36, 38, 39, 42, 59]
var1_0 [17, 28, 30, 32, 43]
var1_1 [17, 28, 30, 32, 43]
var1_2 [17, 28, 30, 32, 43]
var0_0 [5, 27, 36, 38, 39, 42, 59]
var0_1 [5, 27, 36, 38, 39, 42, 59]
var0_2 [5, 27, 36, 38, 39, 42, 59]
var0_3 [5, 27, 36, 38, 39, 42, 59]
var0_4 [5, 27, 36, 38, 39, 42, 59]
var1_0 [17, 28, 30, 32, 43]
var1_1 [17, 28, 30, 32, 43]
var1_2 [17, 28, 30, 32, 43]
var0_0 [5, 27, 36, 38, 39, 42, 59]
var0_1 [5, 27, 36, 38, 39, 42, 59]
var0_2 [5, 27, 36, 38, 39, 42, 59]
var0_3 [5, 27, 36, 38, 39, 42, 59]
var0_4 [5, 27, 36, 38, 39, 42, 59]
var0_5 [5, 27, 36, 38, 39, 42, 59]
var1_0 [17, 28, 30, 32, 43]
var1_1 [17, 28, 30, 32, 43]
var1_2 [17, 28, 30, 32, 43]
var0_0 [5, 27, 36, 38, 39, 42, 59]
var0_1 [5, 27, 36, 38, 39, 42, 59]
var0_2 [5, 27, 36, 38, 39, 42, 59]
var0_3 [5, 27, 36, 38, 39, 42, 59]
var0_4 [5, 27, 36, 38, 39, 42, 59]
var0_5 [5, 27, 36, 38, 39, 42, 59]
var1_0 [17, 28, 30, 32, 43]
var1_1 [17, 28, 30, 32, 43]
var1_2 [17, 28, 30, 32, 43]
var0_0 [5, 27, 36, 38, 39, 42, 59]
var0_1 [5, 27, 36, 38, 39, 42, 59]
var0_2 [5, 27, 36, 38, 39, 42, 59]
var0_3 [5, 27, 36, 38, 39, 42, 59]
var0_4 [5, 27, 36, 38, 39, 42, 59]
var0_5 [5, 27, 36, 38, 39, 42, 59]
var1_0 [17, 28, 30, 32, 43]
var1_1 [17, 28, 30, 32, 43]
var1_2 [17, 28, 30, 32, 43]
var0_0 [5, 27, 36, 38, 39, 42, 59]
var0_1 [5, 27, 36, 38, 39, 42, 59]
var0_2 [5, 27, 36, 38, 39, 42, 59]
var0_3 [5, 27, 36, 38, 39, 42, 59]
var0_4 [5, 27, 36, 38, 39, 42, 59]
var0_5 [5, 27, 36, 38, 39, 42, 59]
var1_0 [17, 28, 30, 32, 43]
var1_1 [17, 28, 30, 32, 43]
var1_2 [17, 28, 30, 32, 43]
var0_0 [18, 26, 59]
var0_1 [18, 26, 59]
var0_2 [18, 26, 59]
var0_0 [18, 26, 59]
var0_1 [18, 26, 59]
var0_2 [18, 26, 59]
var0_0 [5, 27, 36, 38, 39, 42, 59]
var0_1 [5, 27, 36, 38, 39, 42, 59]
var0_2 [5, 27, 36, 38, 39, 42, 59]
var0_3 [5, 27, 36, 38, 39, 42, 59]
var0_4 [5, 27, 36, 38, 39, 42, 59]
var0_5 [5, 27, 36, 38, 39, 42, 59]
var1_0 [17, 28, 30, 32, 43]
var1_1 [17, 28, 30, 32, 43]
var0_0 [5, 27, 36, 38, 39, 42, 59]
var0_1 [5, 27, 36, 38, 39, 42, 59]
var0_2 [5, 27, 36, 38, 39, 42, 59]
var0_3 [5, 27, 36, 38, 39, 42, 59]
var0_4 [5, 27, 36, 38, 39, 42, 59]
var0_5 [5, 27, 36, 38, 39, 42, 59]
var1_0 [17, 28, 30, 32, 43]
var1_1 [17, 28, 30, 32, 43]
var0_0 [5, 27, 36, 38, 39, 42, 59]
var0_1 [5, 27, 36, 38, 39, 42, 59]
var0_2 [5, 27, 36, 38, 39, 42, 59]
var0_3 [5, 27, 36, 38, 39, 42, 59]
var0_4 [5, 27, 36, 38, 39, 42, 59]
var0_5 [5, 27, 36, 38, 39, 42, 59]
var1_0 [17, 28, 30, 32, 43]
var1_1 [17, 28, 30, 32, 43]
var0_0 [18, 26, 59]
var0_1 [18, 26, 59]
var0_2 [18, 26, 59]
var0_0 [5, 27, 36, 38, 39, 42, 59]
var0_1 [5, 27, 36, 38, 39, 42, 59]
var0_2 [5, 27, 36, 38, 39, 42, 59]
var0_3 [5, 27, 36, 38, 39, 42, 59]
var0_4 [5, 27, 36, 38, 39, 42, 59]
var0_5 [5, 27, 36, 38, 39, 42, 59]
var1_0 [17, 28, 30, 32, 43]
var1_1 [17, 28, 30, 32, 43]
var0_0 [5, 36, 39, 59]
var0_1 [5, 36, 39, 59]
var1_0 [17, 28, 30, 32, 43]
var1_1 [17, 28, 30, 32, 43]
var0_0 [5, 27, 36, 38, 39, 42]
var0_1 [5, 27, 36, 38, 39, 42]
var0_2 [5, 27, 36, 38, 39, 42]
var0_3 [5, 27, 36, 38, 39, 42]
var0_4 [5, 27, 36, 38, 39, 42]
var1_0 [18, 26, 59]
var1_1 [18, 26, 59]
var1_2 [18, 26, 59]
var0_0 [5, 27, 36, 38, 39, 42, 59]
var0_1 [5, 27, 36, 38, 39, 42, 59]
var0_2 [5, 27, 36, 38, 39, 42, 59]
var0_3 [5, 27, 36, 38, 39, 42, 59]
var0_4 [5, 27, 36, 38, 39, 42, 59]
var0_5 [5, 27, 36, 38, 39, 42, 59]
var1_0 [17, 28, 30, 32, 43]
var1_1 [17, 28, 30, 32, 43]
var0_0 [5, 27, 36, 38, 39, 42]
var0_1 [5, 27, 36, 38, 39, 42]
var0_2 [5, 27, 36, 38, 39, 42]
var0_3 [5, 27, 36, 38, 39, 42]
var0_4 [5, 27, 36, 38, 39, 42]
var0_5 [5, 27, 36, 38, 39, 42]
var0_6 [5, 27, 36, 38, 39, 42]
var0_7 [5, 27, 36, 38, 39, 42]
var0_0 [5, 27, 36, 38, 39, 42]
var0_1 [5, 27, 36, 38, 39, 42]
var0_2 [5, 27, 36, 38, 39, 42]
var0_3 [5, 27, 36, 38, 39, 42]
var0_4 [5, 27, 36, 38, 39, 42]
var0_5 [5, 27, 36, 38, 39, 42]
var0_6 [5, 27, 36, 38, 39, 42]
var0_7 [5, 27, 36, 38, 39, 42]
var0_8 [5, 27, 36, 38, 39, 42]
var0_9 [5, 27, 36, 38, 39, 42]
var0_10 [5, 27, 36, 38, 39, 42]
var0_11 [5, 27, 36, 38, 39, 42]
var0_0 [5, 27, 36, 38, 39, 42, 59]
var0_1 [5, 27, 36, 38, 39, 42, 59]
var0_2 [5, 27, 36, 38, 39, 42, 59]
var0_3 [5, 27, 36, 38, 39, 42, 59]
var0_4 [5, 27, 36, 38, 39, 42, 59]
var0_5 [5, 27, 36, 38, 39, 42, 59]
var0_6 [5, 27, 36, 38, 39, 42, 59]
var0_7 [5, 27, 36, 38, 39, 42, 59]
var1_0 [17, 28, 30, 32, 43]
var1_1 [17, 28, 30, 32, 43]
var0_0 [5, 27, 36, 38, 39, 42, 59]
var0_1 [5, 27, 36, 38, 39, 42, 59]
var0_2 [5, 27, 36, 38, 39, 42, 59]
var0_3 [5, 27, 36, 38, 39, 42, 59]
var0_4 [5, 27, 36, 38, 39, 42, 59]
var0_5 [5, 27, 36, 38, 39, 42, 59]
var0_6 [5, 27, 36, 38, 39, 42, 59]
var0_7 [5, 27, 36, 38, 39, 42, 59]
var0_8 [5, 27, 36, 38, 39, 42, 59]
var0_9 [5, 27, 36, 38, 39, 42, 59]
var0_10 [5, 27, 36, 38, 39, 42, 59]
var0_11 [5, 27, 36, 38, 39, 42, 59]
var0_12 [5, 27, 36, 38, 39, 42, 59]
var0_13 [5, 27, 36, 38, 39, 42, 59]
var1_0 [17, 28, 30, 32, 43]
var1_1 [17, 28, 30, 32, 43]
var0_0 [5, 27, 36, 38, 39, 42, 59]
var0_1 [5, 27, 36, 38, 39, 42, 59]
var0_2 [5, 27, 36, 38, 39, 42, 59]
var0_3 [5, 27, 36, 38, 39, 42, 59]
var0_4 [5, 27, 36, 38, 39, 42, 59]
var0_5 [5, 27, 36, 38, 39, 42, 59]
var0_6 [5, 27, 36, 38, 39, 42, 59]
var0_7 [5, 27, 36, 38, 39, 42, 59]
var0_8 [5, 27, 36, 38, 39, 42, 59]
var0_9 [5, 27, 36, 38, 39, 42, 59]
var0_10 [5, 27, 36, 38, 39, 42, 59]
var0_11 [5, 27, 36, 38, 39, 42, 59]
var0_12 [5, 27, 36, 38, 39, 42, 59]
var0_13 [5, 27, 36, 38, 39, 42, 59]
var1_0 [17, 28, 30, 32, 43]
var1_1 [17, 28, 30, 32, 43]
var0_0 [5, 27, 36, 38, 39, 42, 59]
var0_1 [5, 27, 36, 38, 39, 42, 59]
var0_2 [5, 27, 36, 38, 39, 42, 59]
var0_3 [5, 27, 36, 38, 39, 42, 59]
var0_4 [5, 27, 36, 38, 39, 42, 59]
var0_5 [5, 27, 36, 38, 39, 42, 59]
var0_6 [5, 27, 36, 38, 39, 42, 59]
var0_7 [5, 27, 36, 38, 39, 42, 59]
var0_8 [5, 27, 36, 38, 39, 42, 59]
var0_9 [5, 27, 36, 38, 39, 42, 59]
var0_10 [5, 27, 36, 38, 39, 42, 59]
var0_11 [5, 27, 36, 38, 39, 42, 59]
var0_12 [5, 27, 36, 38, 39, 42, 59]
var0_13 [5, 27, 36, 38, 39, 42, 59]
var1_0 [17, 28, 30, 32, 43]
var1_1 [17, 28, 30, 32, 43]
var0_0 [18, 26, 59]
var0_1 [18, 26, 59]
var0_2 [18, 26, 59]
var0_0 [18, 26, 59]
var0_1 [18, 26, 59]
var0_2 [18, 26, 59]
var0_0 [5, 18, 26, 27, 36, 38, 39, 42, 59]
var0_1 [5, 18, 26, 27, 36, 38, 39, 42, 59]
var0_2 [5, 18, 26, 27, 36, 38, 39, 42, 59]
var0_3 [5, 18, 26, 27, 36, 38, 39, 42, 59]
var0_4 [5, 18, 26, 27, 36, 38, 39, 42, 59]
var0_5 [5, 18, 26, 27, 36, 38, 39, 42, 59]
var0_6 [5, 18, 26, 27, 36, 38, 39, 42, 59]
var0_7 [5, 18, 26, 27, 36, 38, 39, 42, 59]
var1_0 [17, 28, 30, 32, 43]
var1_1 [17, 28, 30, 32, 43]
var0_0 [18, 26, 59]
var0_1 [18, 26, 59]
var0_2 [18, 26, 59]
var0_0 [5, 27, 36, 38, 39, 42, 59]
var0_1 [5, 27, 36, 38, 39, 42, 59]
var0_2 [5, 27, 36, 38, 39, 42, 59]
var0_3 [5, 27, 36, 38, 39, 42, 59]
var0_4 [5, 27, 36, 38, 39, 42, 59]
var0_5 [5, 27, 36, 38, 39, 42, 59]
var0_6 [5, 27, 36, 38, 39, 42, 59]
var0_7 [5, 27, 36, 38, 39, 42, 59]
var0_8 [5, 27, 36, 38, 39, 42, 59]
var0_9 [5, 27, 36, 38, 39, 42, 59]
var0_10 [5, 27, 36, 38, 39, 42, 59]
var0_11 [5, 27, 36, 38, 39, 42, 59]
var0_12 [5, 27, 36, 38, 39, 42, 59]
var0_13 [5, 27, 36, 38, 39, 42, 59]
var1_0 [17, 28, 30, 32, 43]
var1_1 [17, 28, 30, 32, 43]
var0_0 [5, 27, 36, 38, 39, 42, 59]
var0_1 [5, 27, 36, 38, 39, 42, 59]
var0_2 [5, 27, 36, 38, 39, 42, 59]
var0_3 [5, 27, 36, 38, 39, 42, 59]
var0_4 [5, 27, 36, 38, 39, 42, 59]
var0_5 [5, 27, 36, 38, 39, 42, 59]
var0_6 [5, 27, 36, 38, 39, 42, 59]
var0_7 [5, 27, 36, 38, 39, 42, 59]
var0_8 [5, 27, 36, 38, 39, 42, 59]
var0_9 [5, 27, 36, 38, 39, 42, 59]
var0_10 [5, 27, 36, 38, 39, 42, 59]
var0_11 [5, 27, 36, 38, 39, 42, 59]
var0_12 [5, 27, 36, 38, 39, 42, 59]
var0_13 [5, 27, 36, 38, 39, 42, 59]
var1_0 [17, 28, 30, 32, 43]
var1_1 [17, 28, 30, 32, 43]
var0_0 [5, 27, 36, 38, 39, 42, 59]
var0_1 [5, 27, 36, 38, 39, 42, 59]
var0_2 [5, 27, 36, 38, 39, 42, 59]
var0_3 [5, 27, 36, 38, 39, 42, 59]
var0_4 [5, 27, 36, 38, 39, 42, 59]
var0_5 [5, 27, 36, 38, 39, 42, 59]
var0_6 [5, 27, 36, 38, 39, 42, 59]
var0_7 [5, 27, 36, 38, 39, 42, 59]
var0_8 [5, 27, 36, 38, 39, 42, 59]
var0_9 [5, 27, 36, 38, 39, 42, 59]
var0_10 [5, 27, 36, 38, 39, 42, 59]
var0_11 [5, 27, 36, 38, 39, 42, 59]
var0_12 [5, 27, 36, 38, 39, 42, 59]
var0_13 [5, 27, 36, 38, 39, 42, 59]
var1_0 [17, 28, 30, 32, 43]
var1_1 [17, 28, 30, 32, 43]
var0_0 [5, 27, 36, 38, 39, 42, 59]
var0_1 [5, 27, 36, 38, 39, 42, 59]
var0_2 [5, 27, 36, 38, 39, 42, 59]
var0_3 [5, 27, 36, 38, 39, 42, 59]
var0_4 [5, 27, 36, 38, 39, 42, 59]
var0_5 [5, 27, 36, 38, 39, 42, 59]
var0_6 [5, 27, 36, 38, 39, 42, 59]
var0_7 [5, 27, 36, 38, 39, 42, 59]
var0_8 [5, 27, 36, 38, 39, 42, 59]
var0_9 [5, 27, 36, 38, 39, 42, 59]
var0_10 [5, 27, 36, 38, 39, 42, 59]
var0_11 [5, 27, 36, 38, 39, 42, 59]
var0_12 [5, 27, 36, 38, 39, 42, 59]
var0_13 [5, 27, 36, 38, 39, 42, 59]
var1_0 [17, 28, 30, 32, 43]
var1_1 [17, 28, 30, 32, 43]
var0_0 [5, 27, 36, 38, 39, 42, 59]
var0_1 [5, 27, 36, 38, 39, 42, 59]
var0_2 [5, 27, 36, 38, 39, 42, 59]
var0_3 [5, 27, 36, 38, 39, 42, 59]
var0_4 [5, 27, 36, 38, 39, 42, 59]
var0_5 [5, 27, 36, 38, 39, 42, 59]
var0_6 [5, 27, 36, 38, 39, 42, 59]
var0_7 [5, 27, 36, 38, 39, 42, 59]
var0_8 [5, 27, 36, 38, 39, 42, 59]
var0_9 [5, 27, 36, 38, 39, 42, 59]
var0_10 [5, 27, 36, 38, 39, 42, 59]
var0_11 [5, 27, 36, 38, 39, 42, 59]
var0_12 [5, 27, 36, 38, 39, 42, 59]
var0_13 [5, 27, 36, 38, 39, 42, 59]
var1_0 [17, 28, 30, 32, 43]
var1_1 [17, 28, 30, 32, 43]
var0_0 [5, 27, 36, 38, 39, 42, 59]
var0_1 [5, 27, 36, 38, 39, 42, 59]
var0_2 [5, 27, 36, 38, 39, 42, 59]
var0_3 [5, 27, 36, 38, 39, 42, 59]
var0_4 [5, 27, 36, 38, 39, 42, 59]
var0_5 [5, 27, 36, 38, 39, 42, 59]
var0_6 [5, 27, 36, 38, 39, 42, 59]
var0_7 [5, 27, 36, 38, 39, 42, 59]
var0_8 [5, 27, 36, 38, 39, 42, 59]
var0_9 [5, 27, 36, 38, 39, 42, 59]
var0_10 [5, 27, 36, 38, 39, 42, 59]
var0_11 [5, 27, 36, 38, 39, 42, 59]
var0_12 [5, 27, 36, 38, 39, 42, 59]
var0_13 [5, 27, 36, 38, 39, 42, 59]
var1_0 [17, 28, 30, 32, 43]
var1_1 [17, 28, 30, 32, 43]
