var0_0 [0, 1, 2, 9]
var0_1 [0, 1, 2, 9]
var0_2 [0, 1, 2, 9]
var0_3 [0, 1, 2, 9]
var0_4 [0, 1, 2, 9]
var0_5 [0, 1, 2, 9]
var0_6 [0, 1, 2, 9]
var0_7 [0, 1, 2, 9]
var0_8 [0, 1, 2, 9]
var0_9 [0, 1, 2, 9]
var0_10 [0, 1, 2, 9]
var0_11 [0, 1, 2, 9]
var0_12 [0, 1, 2, 9]
var0_13 [0, 1, 2, 9]
var0_14 [0, 1, 2, 9]
var0_15 [0, 1, 2, 9]
var0_16 [0, 1, 2, 9]
var0_17 [0, 1, 2, 9]
var0_18 [0, 1, 2, 9]
var0_19 [0, 1, 2, 9]
var0_20 [0, 1, 2, 9]
var0_21 [0, 1, 2, 9]
var0_22 [0, 1, 2, 9]
var0_23 [0, 1, 2, 9]
var0_24 [0, 1, 2, 9]
var0_25 [0, 1, 2, 9]
var0_26 [0, 1, 2, 9]
var0_27 [0, 1, 2, 9]
var0_28 [0, 1, 2, 9]
var0_29 [0, 1, 2, 9]
var0_30 [0, 1, 2, 9]
var0_31 [0, 1, 2, 9]
var0_32 [0, 1, 2, 9]
var0_33 [0, 1, 2, 9]
var0_34 [0, 1, 2, 9]
var0_35 [0, 1, 2, 9]
var0_36 [0, 1, 2, 9]
var0_37 [0, 1, 2, 9]
var0_38 [0, 1, 2, 9]
var0_39 [0, 1, 2, 9]
var0_40 [0, 1, 2, 9]
var0_41 [0, 1, 2, 9]
var0_42 [0, 1, 2, 9]
var0_43 [0, 1, 2, 9]
var0_44 [0, 1, 2, 9]
var1_0 [0, 3, 9, 10, 11]
var1_1 [0, 3, 9, 10, 11]
var1_2 [0, 3, 9, 10, 11]
var1_3 [0, 3, 9, 10, 11]
var1_4 [0, 3, 9, 10, 11]
var1_5 [0, 3, 9, 10, 11]
var1_6 [0, 3, 9, 10, 11]
var1_7 [0, 3, 9, 10, 11]
var1_8 [0, 3, 9, 10, 11]
var1_9 [0, 3, 9, 10, 11]
var1_10 [0, 3, 9, 10, 11]
var1_11 [0, 3, 9, 10, 11]
var1_12 [0, 3, 9, 10, 11]
var1_13 [0, 3, 9, 10, 11]
var1_14 [0, 3, 9, 10, 11]
var1_15 [0, 3, 9, 10, 11]
var1_16 [0, 3, 9, 10, 11]
var1_17 [0, 3, 9, 10, 11]
var1_18 [0, 3, 9, 10, 11]
var1_19 [0, 3, 9, 10, 11]
var1_20 [0, 3, 9, 10, 11]
var1_21 [0, 3, 9, 10, 11]
var1_22 [0, 3, 9, 10, 11]
var1_23 [0, 3, 9, 10, 11]
var1_24 [0, 3, 9, 10, 11]
var1_25 [0, 3, 9, 10, 11]
var1_26 [0, 3, 9, 10, 11]
var1_27 [0, 3, 9, 10, 11]
var1_28 [0, 3, 9, 10, 11]
var1_29 [0, 3, 9, 10, 11]
var1_30 [0, 3, 9, 10, 11]
var1_31 [0, 3, 9, 10, 11]
var1_32 [0, 3, 9, 10, 11]
var1_33 [0, 3, 9, 10, 11]
var1_34 [0, 3, 9, 10, 11]
var1_35 [0, 3, 9, 10, 11]
var1_36 [0, 3, 9, 10, 11]
var1_37 [0, 3, 9, 10, 11]
var1_38 [0, 3, 9, 10, 11]
var1_39 [0, 3, 9, 10, 11]
var1_40 [0, 3, 9, 10, 11]
var1_41 [0, 3, 9, 10, 11]
var1_42 [0, 3, 9, 10, 11]
var2_0 [2, 8, 9]
var2_1 [2, 8, 9]
var2_2 [2, 8, 9]
var2_3 [2, 8, 9]
var2_4 [2, 8, 9]
var2_5 [2, 8, 9]
var2_6 [2, 8, 9]
var2_7 [2, 8, 9]
var2_8 [2, 8, 9]
var2_9 [2, 8, 9]
var2_10 [2, 8, 9]
var2_11 [2, 8, 9]
var2_12 [2, 8, 9]
var2_13 [2, 8, 9]
var2_14 [2, 8, 9]
var2_15 [2, 8, 9]
var2_16 [2, 8, 9]
var2_17 [2, 8, 9]
var0_0 [0, 3, 9, 10, 11]
var0_1 [0, 3, 9, 10, 11]
var0_2 [0, 3, 9, 10, 11]
var0_3 [0, 3, 9, 10, 11]
var0_4 [0, 3, 9, 10, 11]
var0_5 [0, 3, 9, 10, 11]
var0_6 [0, 3, 9, 10, 11]
var0_7 [0, 3, 9, 10, 11]
var0_8 [0, 3, 9, 10, 11]
var0_9 [0, 3, 9, 10, 11]
var0_10 [0, 3, 9, 10, 11]
var0_11 [0, 3, 9, 10, 11]
var0_12 [0, 3, 9, 10, 11]
var0_13 [0, 3, 9, 10, 11]
var0_14 [0, 3, 9, 10, 11]
var0_15 [0, 3, 9, 10, 11]
var0_16 [0, 3, 9, 10, 11]
var0_17 [0, 3, 9, 10, 11]
var0_18 [0, 3, 9, 10, 11]
var0_19 [0, 3, 9, 10, 11]
var1_0 [2, 8, 9]
var1_1 [2, 8, 9]
var1_2 [2, 8, 9]
var1_3 [2, 8, 9]
var1_4 [2, 8, 9]
var1_5 [2, 8, 9]
var1_6 [2, 8, 9]
var1_7 [2, 8, 9]
var1_8 [2, 8, 9]
var0_0 [0, 3, 9, 10, 11]
var0_1 [0, 3, 9, 10, 11]
var0_2 [0, 3, 9, 10, 11]
var0_3 [0, 3, 9, 10, 11]
var0_4 [0, 3, 9, 10, 11]
var0_5 [0, 3, 9, 10, 11]
var0_6 [0, 3, 9, 10, 11]
var0_7 [0, 3, 9, 10, 11]
var0_0 [0, 3, 9, 10, 11]
var0_1 [0, 3, 9, 10, 11]
var0_2 [0, 3, 9, 10, 11]
var0_3 [0, 3, 9, 10, 11]
var0_4 [0, 3, 9, 10, 11]
var0_5 [0, 3, 9, 10, 11]
var0_0 [0, 3, 9, 10, 11]
var0_1 [0, 3, 9, 10, 11]
var0_2 [0, 3, 9, 10, 11]
var0_3 [0, 3, 9, 10, 11]
var0_0 [0, 3, 9, 10]
var0_1 [0, 3, 9, 10]
var0_0 [9, 11]
var0_1 [9, 11]
var0_0 [0, 3, 9, 10, 11]
var0_1 [0, 3, 9, 10, 11]
var0_2 [0, 3, 9, 10, 11]
var0_3 [0, 3, 9, 10, 11]
var0_0 [0, 3, 9, 10, 11]
var0_1 [0, 3, 9, 10, 11]
var0_2 [0, 3, 9, 10, 11]
var0_3 [0, 3, 9, 10, 11]
var0_0 [0, 3, 9, 10, 11]
var0_1 [0, 3, 9, 10, 11]
var0_2 [0, 3, 9, 10, 11]
var0_3 [0, 3, 9, 10, 11]
var0_0 [0, 1, 2, 9]
var0_1 [0, 1, 2, 9]
var0_2 [0, 1, 2, 9]
var0_3 [0, 1, 2, 9]
var0_4 [0, 1, 2, 9]
var0_5 [0, 1, 2, 9]
var0_6 [0, 1, 2, 9]
var0_7 [0, 1, 2, 9]
var0_8 [0, 1, 2, 9]
var0_9 [0, 1, 2, 9]
var0_10 [0, 1, 2, 9]
var0_11 [0, 1, 2, 9]
var0_12 [0, 1, 2, 9]
var0_13 [0, 1, 2, 9]
var0_14 [0, 1, 2, 9]
var0_15 [0, 1, 2, 9]
var0_16 [0, 1, 2, 9]
var0_17 [0, 1, 2, 9]
var0_18 [0, 1, 2, 9]
var0_19 [0, 1, 2, 9]
var0_20 [0, 1, 2, 9]
var0_21 [0, 1, 2, 9]
var0_22 [0, 1, 2, 9]
var0_23 [0, 1, 2, 9]
var0_24 [0, 1, 2, 9]
var0_25 [0, 1, 2, 9]
var0_26 [0, 1, 2, 9]
var0_27 [0, 1, 2, 9]
var0_28 [0, 1, 2, 9]
var0_29 [0, 1, 2, 9]
var0_30 [0, 1, 2, 9]
var0_31 [0, 1, 2, 9]
var0_32 [0, 1, 2, 9]
var0_33 [0, 1, 2, 9]
var0_34 [0, 1, 2, 9]
var0_35 [0, 1, 2, 9]
var0_36 [0, 1, 2, 9]
var0_37 [0, 1, 2, 9]
var0_38 [0, 1, 2, 9]
var0_39 [0, 1, 2, 9]
var0_40 [0, 1, 2, 9]
var0_41 [0, 1, 2, 9]
var1_0 [0, 3, 9, 10]
var1_1 [0, 3, 9, 10]
var1_2 [0, 3, 9, 10]
var1_3 [0, 3, 9, 10]
var1_4 [0, 3, 9, 10]
var1_5 [0, 3, 9, 10]
var1_6 [0, 3, 9, 10]
var1_7 [0, 3, 9, 10]
var1_8 [0, 3, 9, 10]
var1_9 [0, 3, 9, 10]
var1_10 [0, 3, 9, 10]
var1_11 [0, 3, 9, 10]
var1_12 [0, 3, 9, 10]
var1_13 [0, 3, 9, 10]
var1_14 [0, 3, 9, 10]
var1_15 [0, 3, 9, 10]
var1_16 [0, 3, 9, 10]
var1_17 [0, 3, 9, 10]
var1_18 [0, 3, 9, 10]
var1_19 [0, 3, 9, 10]
var1_20 [0, 3, 9, 10]
var1_21 [0, 3, 9, 10]
var1_22 [0, 3, 9, 10]
var1_23 [0, 3, 9, 10]
var1_24 [0, 3, 9, 10]
var1_25 [0, 3, 9, 10]
var1_26 [0, 3, 9, 10]
var1_27 [0, 3, 9, 10]
var1_28 [0, 3, 9, 10]
var1_29 [0, 3, 9, 10]
var1_30 [0, 3, 9, 10]
var1_31 [0, 3, 9, 10]
var1_32 [0, 3, 9, 10]
var1_33 [0, 3, 9, 10]
var2_0 [2, 8, 9]
var2_1 [2, 8, 9]
var2_2 [2, 8, 9]
var2_3 [2, 8, 9]
var2_4 [2, 8, 9]
var2_5 [2, 8, 9]
var2_6 [2, 8, 9]
var2_7 [2, 8, 9]
var2_8 [2, 8, 9]
var2_9 [2, 8, 9]
var2_10 [2, 8, 9]
var2_11 [2, 8, 9]
var2_12 [2, 8, 9]
var2_13 [2, 8, 9]
var2_14 [2, 8, 9]
var0_0 [0, 3, 9, 10, 11]
var0_1 [0, 3, 9, 10, 11]
var0_2 [0, 3, 9, 10, 11]
var0_3 [0, 3, 9, 10, 11]
var0_0 [0, 3, 9, 10, 11]
var0_1 [0, 3, 9, 10, 11]
var0_2 [0, 3, 9, 10, 11]
var0_3 [0, 3, 9, 10, 11]
var0_0 [0, 3, 9, 10, 11]
var0_1 [0, 3, 9, 10, 11]
var0_2 [0, 3, 9, 10, 11]
var0_3 [0, 3, 9, 10, 11]
var0_0 [0, 3, 9, 10, 11]
var0_1 [0, 3, 9, 10, 11]
var0_2 [0, 3, 9, 10, 11]
var0_3 [0, 3, 9, 10, 11]
var0_0 [0, 3, 9, 10, 11]
var0_1 [0, 3, 9, 10, 11]
var0_2 [0, 3, 9, 10, 11]
var0_3 [0, 3, 9, 10, 11]
var0_0 [0, 3, 9, 10, 11]
var0_1 [0, 3, 9, 10, 11]
var0_2 [0, 3, 9, 10, 11]
var0_3 [0, 3, 9, 10, 11]
var0_0 [0, 3, 9, 10, 11]
var0_1 [0, 3, 9, 10, 11]
var0_2 [0, 3, 9, 10, 11]
var0_3 [0, 3, 9, 10, 11]
var0_0 [0, 3, 9, 10]
var0_1 [0, 3, 9, 10]
var0_2 [0, 3, 9, 10]
var0_3 [0, 3, 9, 10]
var1_0 [9, 11]
var1_1 [9, 11]
var0_0 [0, 1, 2, 9]
var0_1 [0, 1, 2, 9]
var0_2 [0, 1, 2, 9]
var0_3 [0, 1, 2, 9]
var0_4 [0, 1, 2, 9]
var0_5 [0, 1, 2, 9]
var0_6 [0, 1, 2, 9]
var0_7 [0, 1, 2, 9]
var0_8 [0, 1, 2, 9]
var0_9 [0, 1, 2, 9]
var0_10 [0, 1, 2, 9]
var0_11 [0, 1, 2, 9]
var0_12 [0, 1, 2, 9]
var0_13 [0, 1, 2, 9]
var0_14 [0, 1, 2, 9]
var0_15 [0, 1, 2, 9]
var0_16 [0, 1, 2, 9]
var0_17 [0, 1, 2, 9]
var0_18 [0, 1, 2, 9]
var0_19 [0, 1, 2, 9]
var0_20 [0, 1, 2, 9]
var0_21 [0, 1, 2, 9]
var0_22 [0, 1, 2, 9]
var0_23 [0, 1, 2, 9]
var0_24 [0, 1, 2, 9]
var0_25 [0, 1, 2, 9]
var0_26 [0, 1, 2, 9]
var0_27 [0, 1, 2, 9]
var0_28 [0, 1, 2, 9]
var0_29 [0, 1, 2, 9]
var0_30 [0, 1, 2, 9]
var0_31 [0, 1, 2, 9]
var0_32 [0, 1, 2, 9]
var0_33 [0, 1, 2, 9]
var0_34 [0, 1, 2, 9]
var0_35 [0, 1, 2, 9]
var0_36 [0, 1, 2, 9]
var0_37 [0, 1, 2, 9]
var0_38 [0, 1, 2, 9]
var0_39 [0, 1, 2, 9]
var0_40 [0, 1, 2, 9]
var0_41 [0, 1, 2, 9]
var0_42 [0, 1, 2, 9]
var0_43 [0, 1, 2, 9]
var0_44 [0, 1, 2, 9]
var0_45 [0, 1, 2, 9]
var0_46 [0, 1, 2, 9]
var0_47 [0, 1, 2, 9]
var0_48 [0, 1, 2, 9]
var0_49 [0, 1, 2, 9]
var0_50 [0, 1, 2, 9]
var0_51 [0, 1, 2, 9]
var0_52 [0, 1, 2, 9]
var0_53 [0, 1, 2, 9]
var0_54 [0, 1, 2, 9]
var0_55 [0, 1, 2, 9]
var0_56 [0, 1, 2, 9]
var0_57 [0, 1, 2, 9]
var0_58 [0, 1, 2, 9]
var0_59 [0, 1, 2, 9]
var0_60 [0, 1, 2, 9]
var0_61 [0, 1, 2, 9]
var0_62 [0, 1, 2, 9]
var0_63 [0, 1, 2, 9]
var1_0 [0, 3, 9, 10]
var1_1 [0, 3, 9, 10]
var1_2 [0, 3, 9, 10]
var1_3 [0, 3, 9, 10]
var1_4 [0, 3, 9, 10]
var1_5 [0, 3, 9, 10]
var1_6 [0, 3, 9, 10]
var1_7 [0, 3, 9, 10]
var1_8 [0, 3, 9, 10]
var1_9 [0, 3, 9, 10]
var1_10 [0, 3, 9, 10]
var1_11 [0, 3, 9, 10]
var1_12 [0, 3, 9, 10]
var1_13 [0, 3, 9, 10]
var1_14 [0, 3, 9, 10]
var1_15 [0, 3, 9, 10]
var1_16 [0, 3, 9, 10]
var1_17 [0, 3, 9, 10]
var1_18 [0, 3, 9, 10]
var1_19 [0, 3, 9, 10]
var1_20 [0, 3, 9, 10]
var1_21 [0, 3, 9, 10]
var1_22 [0, 3, 9, 10]
var1_23 [0, 3, 9, 10]
var1_24 [0, 3, 9, 10]
var1_25 [0, 3, 9, 10]
var1_26 [0, 3, 9, 10]
var1_27 [0, 3, 9, 10]
var1_28 [0, 3, 9, 10]
var1_29 [0, 3, 9, 10]
var1_30 [0, 3, 9, 10]
var1_31 [0, 3, 9, 10]
var1_32 [0, 3, 9, 10]
var1_33 [0, 3, 9, 10]
var1_34 [0, 3, 9, 10]
var1_35 [0, 3, 9, 10]
var1_36 [0, 3, 9, 10]
var1_37 [0, 3, 9, 10]
var1_38 [0, 3, 9, 10]
var1_39 [0, 3, 9, 10]
var1_40 [0, 3, 9, 10]
var1_41 [0, 3, 9, 10]
var1_42 [0, 3, 9, 10]
var1_43 [0, 3, 9, 10]
var1_44 [0, 3, 9, 10]
var1_45 [0, 3, 9, 10]
var1_46 [0, 3, 9, 10]
var1_47 [0, 3, 9, 10]
var1_48 [0, 3, 9, 10]
var1_49 [0, 3, 9, 10]
var1_50 [0, 3, 9, 10]
var2_0 [2, 8, 9]
var2_1 [2, 8, 9]
var2_2 [2, 8, 9]
var2_3 [2, 8, 9]
var2_4 [2, 8, 9]
var2_5 [2, 8, 9]
var2_6 [2, 8, 9]
var2_7 [2, 8, 9]
var2_8 [2, 8, 9]
var2_9 [2, 8, 9]
var2_10 [2, 8, 9]
var2_11 [2, 8, 9]
var2_12 [2, 8, 9]
var2_13 [2, 8, 9]
var2_14 [2, 8, 9]
var2_15 [2, 8, 9]
var2_16 [2, 8, 9]
var2_17 [2, 8, 9]
var2_18 [2, 8, 9]
var2_19 [2, 8, 9]
var2_20 [2, 8, 9]
var2_21 [2, 8, 9]
var2_22 [2, 8, 9]
var3_0 [9, 11]
var3_1 [9, 11]
var3_2 [9, 11]
var3_3 [9, 11]
var3_4 [9, 11]
var3_5 [9, 11]
var3_6 [9, 11]
var3_7 [9, 11]
var3_8 [9, 11]
var0_0 [0, 1, 2, 9]
var0_1 [0, 1, 2, 9]
var0_2 [0, 1, 2, 9]
var0_3 [0, 1, 2, 9]
var0_4 [0, 1, 2, 9]
var0_5 [0, 1, 2, 9]
var0_6 [0, 1, 2, 9]
var0_7 [0, 1, 2, 9]
var0_8 [0, 1, 2, 9]
var0_9 [0, 1, 2, 9]
var0_10 [0, 1, 2, 9]
var0_11 [0, 1, 2, 9]
var0_12 [0, 1, 2, 9]
var0_13 [0, 1, 2, 9]
var0_14 [0, 1, 2, 9]
var0_15 [0, 1, 2, 9]
var0_16 [0, 1, 2, 9]
var0_17 [0, 1, 2, 9]
var0_18 [0, 1, 2, 9]
var0_19 [0, 1, 2, 9]
var0_20 [0, 1, 2, 9]
var0_21 [0, 1, 2, 9]
var0_22 [0, 1, 2, 9]
var0_23 [0, 1, 2, 9]
var0_24 [0, 1, 2, 9]
var0_25 [0, 1, 2, 9]
var0_26 [0, 1, 2, 9]
var0_27 [0, 1, 2, 9]
var0_28 [0, 1, 2, 9]
var0_29 [0, 1, 2, 9]
var0_30 [0, 1, 2, 9]
var0_31 [0, 1, 2, 9]
var0_32 [0, 1, 2, 9]
var0_33 [0, 1, 2, 9]
var0_34 [0, 1, 2, 9]
var0_35 [0, 1, 2, 9]
var0_36 [0, 1, 2, 9]
var0_37 [0, 1, 2, 9]
var0_38 [0, 1, 2, 9]
var0_39 [0, 1, 2, 9]
var0_40 [0, 1, 2, 9]
var0_41 [0, 1, 2, 9]
var0_42 [0, 1, 2, 9]
var0_43 [0, 1, 2, 9]
var0_44 [0, 1, 2, 9]
var0_45 [0, 1, 2, 9]
var0_46 [0, 1, 2, 9]
var0_47 [0, 1, 2, 9]
var0_48 [0, 1, 2, 9]
var0_49 [0, 1, 2, 9]
var0_50 [0, 1, 2, 9]
var0_51 [0, 1, 2, 9]
var0_52 [0, 1, 2, 9]
var0_53 [0, 1, 2, 9]
var0_54 [0, 1, 2, 9]
var0_55 [0, 1, 2, 9]
var0_56 [0, 1, 2, 9]
var0_57 [0, 1, 2, 9]
var0_58 [0, 1, 2, 9]
var0_59 [0, 1, 2, 9]
var0_60 [0, 1, 2, 9]
var0_61 [0, 1, 2, 9]
var0_62 [0, 1, 2, 9]
var0_63 [0, 1, 2, 9]
var0_64 [0, 1, 2, 9]
var0_65 [0, 1, 2, 9]
var0_66 [0, 1, 2, 9]
var0_67 [0, 1, 2, 9]
var0_68 [0, 1, 2, 9]
var0_69 [0, 1, 2, 9]
var0_70 [0, 1, 2, 9]
var0_71 [0, 1, 2, 9]
var0_72 [0, 1, 2, 9]
var0_73 [0, 1, 2, 9]
var0_74 [0, 1, 2, 9]
var0_75 [0, 1, 2, 9]
var0_76 [0, 1, 2, 9]
var0_77 [0, 1, 2, 9]
var0_78 [0, 1, 2, 9]
var0_79 [0, 1, 2, 9]
var0_80 [0, 1, 2, 9]
var0_81 [0, 1, 2, 9]
var0_82 [0, 1, 2, 9]
var0_83 [0, 1, 2, 9]
var0_84 [0, 1, 2, 9]
var1_0 [0, 3, 9, 10, 12]
var1_1 [0, 3, 9, 10, 12]
var1_2 [0, 3, 9, 10, 12]
var1_3 [0, 3, 9, 10, 12]
var1_4 [0, 3, 9, 10, 12]
var1_5 [0, 3, 9, 10, 12]
var1_6 [0, 3, 9, 10, 12]
var1_7 [0, 3, 9, 10, 12]
var1_8 [0, 3, 9, 10, 12]
var1_9 [0, 3, 9, 10, 12]
var1_10 [0, 3, 9, 10, 12]
var1_11 [0, 3, 9, 10, 12]
var1_12 [0, 3, 9, 10, 12]
var1_13 [0, 3, 9, 10, 12]
var1_14 [0, 3, 9, 10, 12]
var1_15 [0, 3, 9, 10, 12]
var1_16 [0, 3, 9, 10, 12]
var1_17 [0, 3, 9, 10, 12]
var1_18 [0, 3, 9, 10, 12]
var1_19 [0, 3, 9, 10, 12]
var1_20 [0, 3, 9, 10, 12]
var1_21 [0, 3, 9, 10, 12]
var1_22 [0, 3, 9, 10, 12]
var1_23 [0, 3, 9, 10, 12]
var1_24 [0, 3, 9, 10, 12]
var1_25 [0, 3, 9, 10, 12]
var1_26 [0, 3, 9, 10, 12]
var1_27 [0, 3, 9, 10, 12]
var1_28 [0, 3, 9, 10, 12]
var1_29 [0, 3, 9, 10, 12]
var1_30 [0, 3, 9, 10, 12]
var1_31 [0, 3, 9, 10, 12]
var1_32 [0, 3, 9, 10, 12]
var1_33 [0, 3, 9, 10, 12]
var1_34 [0, 3, 9, 10, 12]
var1_35 [0, 3, 9, 10, 12]
var1_36 [0, 3, 9, 10, 12]
var1_37 [0, 3, 9, 10, 12]
var1_38 [0, 3, 9, 10, 12]
var1_39 [0, 3, 9, 10, 12]
var1_40 [0, 3, 9, 10, 12]
var1_41 [0, 3, 9, 10, 12]
var1_42 [0, 3, 9, 10, 12]
var1_43 [0, 3, 9, 10, 12]
var1_44 [0, 3, 9, 10, 12]
var1_45 [0, 3, 9, 10, 12]
var1_46 [0, 3, 9, 10, 12]
var1_47 [0, 3, 9, 10, 12]
var1_48 [0, 3, 9, 10, 12]
var1_49 [0, 3, 9, 10, 12]
var1_50 [0, 3, 9, 10, 12]
var1_51 [0, 3, 9, 10, 12]
var1_52 [0, 3, 9, 10, 12]
var1_53 [0, 3, 9, 10, 12]
var1_54 [0, 3, 9, 10, 12]
var1_55 [0, 3, 9, 10, 12]
var1_56 [0, 3, 9, 10, 12]
var1_57 [0, 3, 9, 10, 12]
var1_58 [0, 3, 9, 10, 12]
var1_59 [0, 3, 9, 10, 12]
var1_60 [0, 3, 9, 10, 12]
var1_61 [0, 3, 9, 10, 12]
var1_62 [0, 3, 9, 10, 12]
var1_63 [0, 3, 9, 10, 12]
var1_64 [0, 3, 9, 10, 12]
var1_65 [0, 3, 9, 10, 12]
var1_66 [0, 3, 9, 10, 12]
var1_67 [0, 3, 9, 10, 12]
var2_0 [2, 8, 9]
var2_1 [2, 8, 9]
var2_2 [2, 8, 9]
var2_3 [2, 8, 9]
var2_4 [2, 8, 9]
var2_5 [2, 8, 9]
var2_6 [2, 8, 9]
var2_7 [2, 8, 9]
var2_8 [2, 8, 9]
var2_9 [2, 8, 9]
var2_10 [2, 8, 9]
var2_11 [2, 8, 9]
var2_12 [2, 8, 9]
var2_13 [2, 8, 9]
var2_14 [2, 8, 9]
var2_15 [2, 8, 9]
var2_16 [2, 8, 9]
var2_17 [2, 8, 9]
var2_18 [2, 8, 9]
var2_19 [2, 8, 9]
var2_20 [2, 8, 9]
var2_21 [2, 8, 9]
var2_22 [2, 8, 9]
var2_23 [2, 8, 9]
var2_24 [2, 8, 9]
var3_0 [9, 11]
var3_1 [9, 11]
var3_2 [9, 11]
var3_3 [9, 11]
var3_4 [9, 11]
var3_5 [9, 11]
var3_6 [9, 11]
var3_7 [9, 11]
var3_8 [9, 11]
var3_9 [9, 11]
var0_0 [0, 1, 2, 9]
var0_1 [0, 1, 2, 9]
var0_2 [0, 1, 2, 9]
var0_3 [0, 1, 2, 9]
var0_4 [0, 1, 2, 9]
var0_5 [0, 1, 2, 9]
var0_6 [0, 1, 2, 9]
var0_7 [0, 1, 2, 9]
var0_8 [0, 1, 2, 9]
var0_9 [0, 1, 2, 9]
var0_10 [0, 1, 2, 9]
var0_11 [0, 1, 2, 9]
var0_12 [0, 1, 2, 9]
var0_13 [0, 1, 2, 9]
var0_14 [0, 1, 2, 9]
var0_15 [0, 1, 2, 9]
var0_16 [0, 1, 2, 9]
var0_17 [0, 1, 2, 9]
var0_18 [0, 1, 2, 9]
var0_19 [0, 1, 2, 9]
var0_20 [0, 1, 2, 9]
var0_21 [0, 1, 2, 9]
var0_22 [0, 1, 2, 9]
var0_23 [0, 1, 2, 9]
var0_24 [0, 1, 2, 9]
var0_25 [0, 1, 2, 9]
var0_26 [0, 1, 2, 9]
var0_27 [0, 1, 2, 9]
var0_28 [0, 1, 2, 9]
var0_29 [0, 1, 2, 9]
var0_30 [0, 1, 2, 9]
var0_31 [0, 1, 2, 9]
var0_32 [0, 1, 2, 9]
var0_33 [0, 1, 2, 9]
var0_34 [0, 1, 2, 9]
var0_35 [0, 1, 2, 9]
var0_36 [0, 1, 2, 9]
var0_37 [0, 1, 2, 9]
var0_38 [0, 1, 2, 9]
var0_39 [0, 1, 2, 9]
var0_40 [0, 1, 2, 9]
var0_41 [0, 1, 2, 9]
var0_42 [0, 1, 2, 9]
var0_43 [0, 1, 2, 9]
var0_44 [0, 1, 2, 9]
var0_45 [0, 1, 2, 9]
var0_46 [0, 1, 2, 9]
var0_47 [0, 1, 2, 9]
var0_48 [0, 1, 2, 9]
var0_49 [0, 1, 2, 9]
var0_50 [0, 1, 2, 9]
var0_51 [0, 1, 2, 9]
var0_52 [0, 1, 2, 9]
var0_53 [0, 1, 2, 9]
var0_54 [0, 1, 2, 9]
var0_55 [0, 1, 2, 9]
var0_56 [0, 1, 2, 9]
var0_57 [0, 1, 2, 9]
var0_58 [0, 1, 2, 9]
var0_59 [0, 1, 2, 9]
var0_60 [0, 1, 2, 9]
var0_61 [0, 1, 2, 9]
var0_62 [0, 1, 2, 9]
var0_63 [0, 1, 2, 9]
var0_64 [0, 1, 2, 9]
var0_65 [0, 1, 2, 9]
var0_66 [0, 1, 2, 9]
var0_67 [0, 1, 2, 9]
var0_68 [0, 1, 2, 9]
var0_69 [0, 1, 2, 9]
var0_70 [0, 1, 2, 9]
var0_71 [0, 1, 2, 9]
var0_72 [0, 1, 2, 9]
var0_73 [0, 1, 2, 9]
var0_74 [0, 1, 2, 9]
var0_75 [0, 1, 2, 9]
var0_76 [0, 1, 2, 9]
var0_77 [0, 1, 2, 9]
var0_78 [0, 1, 2, 9]
var0_79 [0, 1, 2, 9]
var0_80 [0, 1, 2, 9]
var0_81 [0, 1, 2, 9]
var0_82 [0, 1, 2, 9]
var0_83 [0, 1, 2, 9]
var0_84 [0, 1, 2, 9]
var1_0 [0, 3, 9, 10, 12]
var1_1 [0, 3, 9, 10, 12]
var1_2 [0, 3, 9, 10, 12]
var1_3 [0, 3, 9, 10, 12]
var1_4 [0, 3, 9, 10, 12]
var1_5 [0, 3, 9, 10, 12]
var1_6 [0, 3, 9, 10, 12]
var1_7 [0, 3, 9, 10, 12]
var1_8 [0, 3, 9, 10, 12]
var1_9 [0, 3, 9, 10, 12]
var1_10 [0, 3, 9, 10, 12]
var1_11 [0, 3, 9, 10, 12]
var1_12 [0, 3, 9, 10, 12]
var1_13 [0, 3, 9, 10, 12]
var1_14 [0, 3, 9, 10, 12]
var1_15 [0, 3, 9, 10, 12]
var1_16 [0, 3, 9, 10, 12]
var1_17 [0, 3, 9, 10, 12]
var1_18 [0, 3, 9, 10, 12]
var1_19 [0, 3, 9, 10, 12]
var1_20 [0, 3, 9, 10, 12]
var1_21 [0, 3, 9, 10, 12]
var1_22 [0, 3, 9, 10, 12]
var1_23 [0, 3, 9, 10, 12]
var1_24 [0, 3, 9, 10, 12]
var1_25 [0, 3, 9, 10, 12]
var1_26 [0, 3, 9, 10, 12]
var1_27 [0, 3, 9, 10, 12]
var1_28 [0, 3, 9, 10, 12]
var1_29 [0, 3, 9, 10, 12]
var1_30 [0, 3, 9, 10, 12]
var1_31 [0, 3, 9, 10, 12]
var1_32 [0, 3, 9, 10, 12]
var1_33 [0, 3, 9, 10, 12]
var1_34 [0, 3, 9, 10, 12]
var1_35 [0, 3, 9, 10, 12]
var1_36 [0, 3, 9, 10, 12]
var1_37 [0, 3, 9, 10, 12]
var1_38 [0, 3, 9, 10, 12]
var1_39 [0, 3, 9, 10, 12]
var1_40 [0, 3, 9, 10, 12]
var1_41 [0, 3, 9, 10, 12]
var1_42 [0, 3, 9, 10, 12]
var1_43 [0, 3, 9, 10, 12]
var1_44 [0, 3, 9, 10, 12]
var1_45 [0, 3, 9, 10, 12]
var1_46 [0, 3, 9, 10, 12]
var1_47 [0, 3, 9, 10, 12]
var1_48 [0, 3, 9, 10, 12]
var1_49 [0, 3, 9, 10, 12]
var1_50 [0, 3, 9, 10, 12]
var1_51 [0, 3, 9, 10, 12]
var1_52 [0, 3, 9, 10, 12]
var1_53 [0, 3, 9, 10, 12]
var1_54 [0, 3, 9, 10, 12]
var1_55 [0, 3, 9, 10, 12]
var1_56 [0, 3, 9, 10, 12]
var1_57 [0, 3, 9, 10, 12]
var1_58 [0, 3, 9, 10, 12]
var1_59 [0, 3, 9, 10, 12]
var1_60 [0, 3, 9, 10, 12]
var1_61 [0, 3, 9, 10, 12]
var1_62 [0, 3, 9, 10, 12]
var1_63 [0, 3, 9, 10, 12]
var1_64 [0, 3, 9, 10, 12]
var1_65 [0, 3, 9, 10, 12]
var1_66 [0, 3, 9, 10, 12]
var1_67 [0, 3, 9, 10, 12]
var2_0 [2, 8, 9]
var2_1 [2, 8, 9]
var2_2 [2, 8, 9]
var2_3 [2, 8, 9]
var2_4 [2, 8, 9]
var2_5 [2, 8, 9]
var2_6 [2, 8, 9]
var2_7 [2, 8, 9]
var2_8 [2, 8, 9]
var2_9 [2, 8, 9]
var2_10 [2, 8, 9]
var2_11 [2, 8, 9]
var2_12 [2, 8, 9]
var2_13 [2, 8, 9]
var2_14 [2, 8, 9]
var2_15 [2, 8, 9]
var2_16 [2, 8, 9]
var2_17 [2, 8, 9]
var2_18 [2, 8, 9]
var2_19 [2, 8, 9]
var2_20 [2, 8, 9]
var2_21 [2, 8, 9]
var2_22 [2, 8, 9]
var2_23 [2, 8, 9]
var2_24 [2, 8, 9]
var3_0 [9, 11]
var3_1 [9, 11]
var3_2 [9, 11]
var3_3 [9, 11]
var3_4 [9, 11]
var3_5 [9, 11]
var3_6 [9, 11]
var3_7 [9, 11]
var3_8 [9, 11]
var3_9 [9, 11]
var0_0 [0, 1, 2, 9]
var0_1 [0, 1, 2, 9]
var0_2 [0, 1, 2, 9]
var0_3 [0, 1, 2, 9]
var0_4 [0, 1, 2, 9]
var0_5 [0, 1, 2, 9]
var0_6 [0, 1, 2, 9]
var0_7 [0, 1, 2, 9]
var0_8 [0, 1, 2, 9]
var0_9 [0, 1, 2, 9]
var0_10 [0, 1, 2, 9]
var0_11 [0, 1, 2, 9]
var0_12 [0, 1, 2, 9]
var0_13 [0, 1, 2, 9]
var0_14 [0, 1, 2, 9]
var0_15 [0, 1, 2, 9]
var0_16 [0, 1, 2, 9]
var0_17 [0, 1, 2, 9]
var0_18 [0, 1, 2, 9]
var0_19 [0, 1, 2, 9]
var0_20 [0, 1, 2, 9]
var0_21 [0, 1, 2, 9]
var0_22 [0, 1, 2, 9]
var0_23 [0, 1, 2, 9]
var0_24 [0, 1, 2, 9]
var0_25 [0, 1, 2, 9]
var0_26 [0, 1, 2, 9]
var0_27 [0, 1, 2, 9]
var0_28 [0, 1, 2, 9]
var0_29 [0, 1, 2, 9]
var0_30 [0, 1, 2, 9]
var0_31 [0, 1, 2, 9]
var0_32 [0, 1, 2, 9]
var0_33 [0, 1, 2, 9]
var0_34 [0, 1, 2, 9]
var0_35 [0, 1, 2, 9]
var0_36 [0, 1, 2, 9]
var0_37 [0, 1, 2, 9]
var0_38 [0, 1, 2, 9]
var0_39 [0, 1, 2, 9]
var0_40 [0, 1, 2, 9]
var0_41 [0, 1, 2, 9]
var0_42 [0, 1, 2, 9]
var0_43 [0, 1, 2, 9]
var0_44 [0, 1, 2, 9]
var0_45 [0, 1, 2, 9]
var0_46 [0, 1, 2, 9]
var0_47 [0, 1, 2, 9]
var0_48 [0, 1, 2, 9]
var0_49 [0, 1, 2, 9]
var0_50 [0, 1, 2, 9]
var0_51 [0, 1, 2, 9]
var0_52 [0, 1, 2, 9]
var0_53 [0, 1, 2, 9]
var0_54 [0, 1, 2, 9]
var0_55 [0, 1, 2, 9]
var0_56 [0, 1, 2, 9]
var0_57 [0, 1, 2, 9]
var0_58 [0, 1, 2, 9]
var0_59 [0, 1, 2, 9]
var0_60 [0, 1, 2, 9]
var0_61 [0, 1, 2, 9]
var0_62 [0, 1, 2, 9]
var0_63 [0, 1, 2, 9]
var0_64 [0, 1, 2, 9]
var0_65 [0, 1, 2, 9]
var0_66 [0, 1, 2, 9]
var0_67 [0, 1, 2, 9]
var0_68 [0, 1, 2, 9]
var0_69 [0, 1, 2, 9]
var0_70 [0, 1, 2, 9]
var0_71 [0, 1, 2, 9]
var0_72 [0, 1, 2, 9]
var0_73 [0, 1, 2, 9]
var0_74 [0, 1, 2, 9]
var0_75 [0, 1, 2, 9]
var0_76 [0, 1, 2, 9]
var0_77 [0, 1, 2, 9]
var0_78 [0, 1, 2, 9]
var0_79 [0, 1, 2, 9]
var0_80 [0, 1, 2, 9]
var0_81 [0, 1, 2, 9]
var0_82 [0, 1, 2, 9]
var0_83 [0, 1, 2, 9]
var0_84 [0, 1, 2, 9]
var1_0 [0, 3, 9, 10, 12]
var1_1 [0, 3, 9, 10, 12]
var1_2 [0, 3, 9, 10, 12]
var1_3 [0, 3, 9, 10, 12]
var1_4 [0, 3, 9, 10, 12]
var1_5 [0, 3, 9, 10, 12]
var1_6 [0, 3, 9, 10, 12]
var1_7 [0, 3, 9, 10, 12]
var1_8 [0, 3, 9, 10, 12]
var1_9 [0, 3, 9, 10, 12]
var1_10 [0, 3, 9, 10, 12]
var1_11 [0, 3, 9, 10, 12]
var1_12 [0, 3, 9, 10, 12]
var1_13 [0, 3, 9, 10, 12]
var1_14 [0, 3, 9, 10, 12]
var1_15 [0, 3, 9, 10, 12]
var1_16 [0, 3, 9, 10, 12]
var1_17 [0, 3, 9, 10, 12]
var1_18 [0, 3, 9, 10, 12]
var1_19 [0, 3, 9, 10, 12]
var1_20 [0, 3, 9, 10, 12]
var1_21 [0, 3, 9, 10, 12]
var1_22 [0, 3, 9, 10, 12]
var1_23 [0, 3, 9, 10, 12]
var1_24 [0, 3, 9, 10, 12]
var1_25 [0, 3, 9, 10, 12]
var1_26 [0, 3, 9, 10, 12]
var1_27 [0, 3, 9, 10, 12]
var1_28 [0, 3, 9, 10, 12]
var1_29 [0, 3, 9, 10, 12]
var1_30 [0, 3, 9, 10, 12]
var1_31 [0, 3, 9, 10, 12]
var1_32 [0, 3, 9, 10, 12]
var1_33 [0, 3, 9, 10, 12]
var1_34 [0, 3, 9, 10, 12]
var1_35 [0, 3, 9, 10, 12]
var1_36 [0, 3, 9, 10, 12]
var1_37 [0, 3, 9, 10, 12]
var1_38 [0, 3, 9, 10, 12]
var1_39 [0, 3, 9, 10, 12]
var1_40 [0, 3, 9, 10, 12]
var1_41 [0, 3, 9, 10, 12]
var1_42 [0, 3, 9, 10, 12]
var1_43 [0, 3, 9, 10, 12]
var1_44 [0, 3, 9, 10, 12]
var1_45 [0, 3, 9, 10, 12]
var1_46 [0, 3, 9, 10, 12]
var1_47 [0, 3, 9, 10, 12]
var1_48 [0, 3, 9, 10, 12]
var1_49 [0, 3, 9, 10, 12]
var1_50 [0, 3, 9, 10, 12]
var1_51 [0, 3, 9, 10, 12]
var1_52 [0, 3, 9, 10, 12]
var1_53 [0, 3, 9, 10, 12]
var1_54 [0, 3, 9, 10, 12]
var1_55 [0, 3, 9, 10, 12]
var1_56 [0, 3, 9, 10, 12]
var1_57 [0, 3, 9, 10, 12]
var1_58 [0, 3, 9, 10, 12]
var1_59 [0, 3, 9, 10, 12]
var1_60 [0, 3, 9, 10, 12]
var1_61 [0, 3, 9, 10, 12]
var1_62 [0, 3, 9, 10, 12]
var1_63 [0, 3, 9, 10, 12]
var1_64 [0, 3, 9, 10, 12]
var1_65 [0, 3, 9, 10, 12]
var1_66 [0, 3, 9, 10, 12]
var1_67 [0, 3, 9, 10, 12]
var2_0 [2, 8, 9]
var2_1 [2, 8, 9]
var2_2 [2, 8, 9]
var2_3 [2, 8, 9]
var2_4 [2, 8, 9]
var2_5 [2, 8, 9]
var2_6 [2, 8, 9]
var2_7 [2, 8, 9]
var2_8 [2, 8, 9]
var2_9 [2, 8, 9]
var2_10 [2, 8, 9]
var2_11 [2, 8, 9]
var2_12 [2, 8, 9]
var2_13 [2, 8, 9]
var2_14 [2, 8, 9]
var2_15 [2, 8, 9]
var2_16 [2, 8, 9]
var2_17 [2, 8, 9]
var2_18 [2, 8, 9]
var2_19 [2, 8, 9]
var2_20 [2, 8, 9]
var2_21 [2, 8, 9]
var2_22 [2, 8, 9]
var2_23 [2, 8, 9]
var2_24 [2, 8, 9]
var3_0 [9, 11]
var3_1 [9, 11]
var3_2 [9, 11]
var3_3 [9, 11]
var3_4 [9, 11]
var3_5 [9, 11]
var3_6 [9, 11]
var3_7 [9, 11]
var3_8 [9, 11]
var3_9 [9, 11]
var0_0 [0, 1, 2, 9]
var0_1 [0, 1, 2, 9]
var0_2 [0, 1, 2, 9]
var0_3 [0, 1, 2, 9]
var0_4 [0, 1, 2, 9]
var0_5 [0, 1, 2, 9]
var0_6 [0, 1, 2, 9]
var0_7 [0, 1, 2, 9]
var0_8 [0, 1, 2, 9]
var0_9 [0, 1, 2, 9]
var0_10 [0, 1, 2, 9]
var0_11 [0, 1, 2, 9]
var0_12 [0, 1, 2, 9]
var0_13 [0, 1, 2, 9]
var0_14 [0, 1, 2, 9]
var0_15 [0, 1, 2, 9]
var0_16 [0, 1, 2, 9]
var0_17 [0, 1, 2, 9]
var0_18 [0, 1, 2, 9]
var0_19 [0, 1, 2, 9]
var0_20 [0, 1, 2, 9]
var0_21 [0, 1, 2, 9]
var1_0 [0, 3, 9, 10, 12]
var1_1 [0, 3, 9, 10, 12]
var1_2 [0, 3, 9, 10, 12]
var1_3 [0, 3, 9, 10, 12]
var1_4 [0, 3, 9, 10, 12]
var1_5 [0, 3, 9, 10, 12]
var1_6 [0, 3, 9, 10, 12]
var1_7 [0, 3, 9, 10, 12]
var1_8 [0, 3, 9, 10, 12]
var1_9 [0, 3, 9, 10, 12]
var1_10 [0, 3, 9, 10, 12]
var1_11 [0, 3, 9, 10, 12]
var1_12 [0, 3, 9, 10, 12]
var1_13 [0, 3, 9, 10, 12]
var1_14 [0, 3, 9, 10, 12]
var1_15 [0, 3, 9, 10, 12]
var1_16 [0, 3, 9, 10, 12]
var0_0 [0, 1, 2, 3, 9, 10, 12]
var0_1 [0, 1, 2, 3, 9, 10, 12]
var0_2 [0, 1, 2, 3, 9, 10, 12]
var0_3 [0, 1, 2, 3, 9, 10, 12]
var0_4 [0, 1, 2, 3, 9, 10, 12]
var0_5 [0, 1, 2, 3, 9, 10, 12]
var0_6 [0, 1, 2, 3, 9, 10, 12]
var0_7 [0, 1, 2, 3, 9, 10, 12]
var0_8 [0, 1, 2, 3, 9, 10, 12]
var0_9 [0, 1, 2, 3, 9, 10, 12]
var0_10 [0, 1, 2, 3, 9, 10, 12]
var0_11 [0, 1, 2, 3, 9, 10, 12]
var0_12 [0, 1, 2, 3, 9, 10, 12]
var0_13 [0, 1, 2, 3, 9, 10, 12]
var0_14 [0, 1, 2, 3, 9, 10, 12]
var0_15 [0, 1, 2, 3, 9, 10, 12]
var0_16 [0, 1, 2, 3, 9, 10, 12]
var0_17 [0, 1, 2, 3, 9, 10, 12]
var0_0 [0, 1, 2, 3, 9, 10, 12]
var0_1 [0, 1, 2, 3, 9, 10, 12]
var0_2 [0, 1, 2, 3, 9, 10, 12]
var0_3 [0, 1, 2, 3, 9, 10, 12]
var0_4 [0, 1, 2, 3, 9, 10, 12]
var0_5 [0, 1, 2, 3, 9, 10, 12]
var0_6 [0, 1, 2, 3, 9, 10, 12]
var0_7 [0, 1, 2, 3, 9, 10, 12]
var0_8 [0, 1, 2, 3, 9, 10, 12]
var0_9 [0, 1, 2, 3, 9, 10, 12]
var0_10 [0, 1, 2, 3, 9, 10, 12]
var0_11 [0, 1, 2, 3, 9, 10, 12]
var0_12 [0, 1, 2, 3, 9, 10, 12]
var0_13 [0, 1, 2, 3, 9, 10, 12]
var0_14 [0, 1, 2, 3, 9, 10, 12]
var0_15 [0, 1, 2, 3, 9, 10, 12]
var0_16 [0, 1, 2, 3, 9, 10, 12]
var0_17 [0, 1, 2, 3, 9, 10, 12]
var0_0 [0, 1, 2, 3, 9, 10, 12]
var0_1 [0, 1, 2, 3, 9, 10, 12]
var0_2 [0, 1, 2, 3, 9, 10, 12]
var0_3 [0, 1, 2, 3, 9, 10, 12]
var0_4 [0, 1, 2, 3, 9, 10, 12]
var0_5 [0, 1, 2, 3, 9, 10, 12]
var0_6 [0, 1, 2, 3, 9, 10, 12]
var0_7 [0, 1, 2, 3, 9, 10, 12]
var0_8 [0, 1, 2, 3, 9, 10, 12]
var0_9 [0, 1, 2, 3, 9, 10, 12]
var0_10 [0, 1, 2, 3, 9, 10, 12]
var0_11 [0, 1, 2, 3, 9, 10, 12]
var0_12 [0, 1, 2, 3, 9, 10, 12]
var0_13 [0, 1, 2, 3, 9, 10, 12]
var0_14 [0, 1, 2, 3, 9, 10, 12]
var0_15 [0, 1, 2, 3, 9, 10, 12]
var0_16 [0, 1, 2, 3, 9, 10, 12]
var0_17 [0, 1, 2, 3, 9, 10, 12]
var0_18 [0, 1, 2, 3, 9, 10, 12]
var0_19 [0, 1, 2, 3, 9, 10, 12]
var0_20 [0, 1, 2, 3, 9, 10, 12]
var0_0 [0, 1, 2, 3, 9, 10, 11, 12]
var0_1 [0, 1, 2, 3, 9, 10, 11, 12]
var0_2 [0, 1, 2, 3, 9, 10, 11, 12]
var0_3 [0, 1, 2, 3, 9, 10, 11, 12]
var0_4 [0, 1, 2, 3, 9, 10, 11, 12]
var0_5 [0, 1, 2, 3, 9, 10, 11, 12]
var0_6 [0, 1, 2, 3, 9, 10, 11, 12]
var0_7 [0, 1, 2, 3, 9, 10, 11, 12]
var0_8 [0, 1, 2, 3, 9, 10, 11, 12]
var0_9 [0, 1, 2, 3, 9, 10, 11, 12]
var0_10 [0, 1, 2, 3, 9, 10, 11, 12]
var0_11 [0, 1, 2, 3, 9, 10, 11, 12]
var0_12 [0, 1, 2, 3, 9, 10, 11, 12]
var0_13 [0, 1, 2, 3, 9, 10, 11, 12]
var0_14 [0, 1, 2, 3, 9, 10, 11, 12]
var0_15 [0, 1, 2, 3, 9, 10, 11, 12]
var0_16 [0, 1, 2, 3, 9, 10, 11, 12]
var0_17 [0, 1, 2, 3, 9, 10, 11, 12]
var0_18 [0, 1, 2, 3, 9, 10, 11, 12]
var0_19 [0, 1, 2, 3, 9, 10, 11, 12]
var0_20 [0, 1, 2, 3, 9, 10, 11, 12]
var0_21 [0, 1, 2, 3, 9, 10, 11, 12]
var0_0 [0, 1, 2, 3, 9, 10, 11, 12]
var0_1 [0, 1, 2, 3, 9, 10, 11, 12]
var0_2 [0, 1, 2, 3, 9, 10, 11, 12]
var0_3 [0, 1, 2, 3, 9, 10, 11, 12]
var0_4 [0, 1, 2, 3, 9, 10, 11, 12]
var0_5 [0, 1, 2, 3, 9, 10, 11, 12]
var0_6 [0, 1, 2, 3, 9, 10, 11, 12]
var0_7 [0, 1, 2, 3, 9, 10, 11, 12]
var0_8 [0, 1, 2, 3, 9, 10, 11, 12]
var0_9 [0, 1, 2, 3, 9, 10, 11, 12]
var0_10 [0, 1, 2, 3, 9, 10, 11, 12]
var0_11 [0, 1, 2, 3, 9, 10, 11, 12]
var0_12 [0, 1, 2, 3, 9, 10, 11, 12]
var0_13 [0, 1, 2, 3, 9, 10, 11, 12]
var0_14 [0, 1, 2, 3, 9, 10, 11, 12]
var0_15 [0, 1, 2, 3, 9, 10, 11, 12]
var0_16 [0, 1, 2, 3, 9, 10, 11, 12]
var0_17 [0, 1, 2, 3, 9, 10, 11, 12]
var0_18 [0, 1, 2, 3, 9, 10, 11, 12]
var0_19 [0, 1, 2, 3, 9, 10, 11, 12]
var0_20 [0, 1, 2, 3, 9, 10, 11, 12]
var0_21 [0, 1, 2, 3, 9, 10, 11, 12]
var0_22 [0, 1, 2, 3, 9, 10, 11, 12]
var0_0 [0, 1, 2, 3, 9, 10, 11, 12]
var0_1 [0, 1, 2, 3, 9, 10, 11, 12]
var0_2 [0, 1, 2, 3, 9, 10, 11, 12]
var0_3 [0, 1, 2, 3, 9, 10, 11, 12]
var0_4 [0, 1, 2, 3, 9, 10, 11, 12]
var0_5 [0, 1, 2, 3, 9, 10, 11, 12]
var0_6 [0, 1, 2, 3, 9, 10, 11, 12]
var0_7 [0, 1, 2, 3, 9, 10, 11, 12]
var0_8 [0, 1, 2, 3, 9, 10, 11, 12]
var0_9 [0, 1, 2, 3, 9, 10, 11, 12]
var0_10 [0, 1, 2, 3, 9, 10, 11, 12]
var0_11 [0, 1, 2, 3, 9, 10, 11, 12]
var0_12 [0, 1, 2, 3, 9, 10, 11, 12]
var0_13 [0, 1, 2, 3, 9, 10, 11, 12]
var0_14 [0, 1, 2, 3, 9, 10, 11, 12]
var0_15 [0, 1, 2, 3, 9, 10, 11, 12]
var0_16 [0, 1, 2, 3, 9, 10, 11, 12]
var0_17 [0, 1, 2, 3, 9, 10, 11, 12]
var0_18 [0, 1, 2, 3, 9, 10, 11, 12]
var0_19 [0, 1, 2, 3, 9, 10, 11, 12]
var0_20 [0, 1, 2, 3, 9, 10, 11, 12]
var0_21 [0, 1, 2, 3, 9, 10, 11, 12]
var0_22 [0, 1, 2, 3, 9, 10, 11, 12]
var0_23 [0, 1, 2, 3, 9, 10, 11, 12]
var0_0 [0, 1, 2, 3, 9, 10, 11, 12]
var0_1 [0, 1, 2, 3, 9, 10, 11, 12]
var0_2 [0, 1, 2, 3, 9, 10, 11, 12]
var0_3 [0, 1, 2, 3, 9, 10, 11, 12]
var0_4 [0, 1, 2, 3, 9, 10, 11, 12]
var0_5 [0, 1, 2, 3, 9, 10, 11, 12]
var0_6 [0, 1, 2, 3, 9, 10, 11, 12]
var0_7 [0, 1, 2, 3, 9, 10, 11, 12]
var0_8 [0, 1, 2, 3, 9, 10, 11, 12]
var0_9 [0, 1, 2, 3, 9, 10, 11, 12]
var0_10 [0, 1, 2, 3, 9, 10, 11, 12]
var0_11 [0, 1, 2, 3, 9, 10, 11, 12]
var0_12 [0, 1, 2, 3, 9, 10, 11, 12]
var0_13 [0, 1, 2, 3, 9, 10, 11, 12]
var0_14 [0, 1, 2, 3, 9, 10, 11, 12]
var0_15 [0, 1, 2, 3, 9, 10, 11, 12]
var0_16 [0, 1, 2, 3, 9, 10, 11, 12]
var0_17 [0, 1, 2, 3, 9, 10, 11, 12]
var0_18 [0, 1, 2, 3, 9, 10, 11, 12]
var0_19 [0, 1, 2, 3, 9, 10, 11, 12]
var0_20 [0, 1, 2, 3, 9, 10, 11, 12]
var0_21 [0, 1, 2, 3, 9, 10, 11, 12]
var0_22 [0, 1, 2, 3, 9, 10, 11, 12]
var0_23 [0, 1, 2, 3, 9, 10, 11, 12]
var0_0 [0, 2, 3, 9, 10, 11, 12]
var0_1 [0, 2, 3, 9, 10, 11, 12]
var0_2 [0, 2, 3, 9, 10, 11, 12]
var0_3 [0, 2, 3, 9, 10, 11, 12]
var0_4 [0, 2, 3, 9, 10, 11, 12]
var0_5 [0, 2, 3, 9, 10, 11, 12]
var0_6 [0, 2, 3, 9, 10, 11, 12]
var0_7 [0, 2, 3, 9, 10, 11, 12]
var0_8 [0, 2, 3, 9, 10, 11, 12]
var0_9 [0, 2, 3, 9, 10, 11, 12]
var0_10 [0, 2, 3, 9, 10, 11, 12]
var0_11 [0, 2, 3, 9, 10, 11, 12]
var0_12 [0, 2, 3, 9, 10, 11, 12]
var0_13 [0, 2, 3, 9, 10, 11, 12]
var0_14 [0, 2, 3, 9, 10, 11, 12]
var0_15 [0, 2, 3, 9, 10, 11, 12]
var0_16 [0, 2, 3, 9, 10, 11, 12]
var0_17 [0, 2, 3, 9, 10, 11, 12]
var0_18 [0, 2, 3, 9, 10, 11, 12]
var0_19 [0, 2, 3, 9, 10, 11, 12]
var0_20 [0, 2, 3, 9, 10, 11, 12]
var0_0 [0, 1, 2, 3, 9, 10, 11, 12]
var0_1 [0, 1, 2, 3, 9, 10, 11, 12]
var0_2 [0, 1, 2, 3, 9, 10, 11, 12]
var0_3 [0, 1, 2, 3, 9, 10, 11, 12]
var0_4 [0, 1, 2, 3, 9, 10, 11, 12]
var0_5 [0, 1, 2, 3, 9, 10, 11, 12]
var0_6 [0, 1, 2, 3, 9, 10, 11, 12]
var0_7 [0, 1, 2, 3, 9, 10, 11, 12]
var0_8 [0, 1, 2, 3, 9, 10, 11, 12]
var0_9 [0, 1, 2, 3, 9, 10, 11, 12]
var0_10 [0, 1, 2, 3, 9, 10, 11, 12]
var0_11 [0, 1, 2, 3, 9, 10, 11, 12]
var0_12 [0, 1, 2, 3, 9, 10, 11, 12]
var0_13 [0, 1, 2, 3, 9, 10, 11, 12]
var0_14 [0, 1, 2, 3, 9, 10, 11, 12]
var0_15 [0, 1, 2, 3, 9, 10, 11, 12]
var0_16 [0, 1, 2, 3, 9, 10, 11, 12]
var0_17 [0, 1, 2, 3, 9, 10, 11, 12]
var0_18 [0, 1, 2, 3, 9, 10, 11, 12]
var0_19 [0, 1, 2, 3, 9, 10, 11, 12]
var0_20 [0, 1, 2, 3, 9, 10, 11, 12]
var0_21 [0, 1, 2, 3, 9, 10, 11, 12]
var0_22 [0, 1, 2, 3, 9, 10, 11, 12]
var0_23 [0, 1, 2, 3, 9, 10, 11, 12]
var0_24 [0, 1, 2, 3, 9, 10, 11, 12]
var0_25 [0, 1, 2, 3, 9, 10, 11, 12]
var0_26 [0, 1, 2, 3, 9, 10, 11, 12]
var0_27 [0, 1, 2, 3, 9, 10, 11, 12]
var0_28 [0, 1, 2, 3, 9, 10, 11, 12]
var0_29 [0, 1, 2, 3, 9, 10, 11, 12]
var0_0 [0, 1, 2, 3, 9, 10, 11, 12]
var0_1 [0, 1, 2, 3, 9, 10, 11, 12]
var0_2 [0, 1, 2, 3, 9, 10, 11, 12]
var0_3 [0, 1, 2, 3, 9, 10, 11, 12]
var0_4 [0, 1, 2, 3, 9, 10, 11, 12]
var0_5 [0, 1, 2, 3, 9, 10, 11, 12]
var0_6 [0, 1, 2, 3, 9, 10, 11, 12]
var0_7 [0, 1, 2, 3, 9, 10, 11, 12]
var0_8 [0, 1, 2, 3, 9, 10, 11, 12]
var0_9 [0, 1, 2, 3, 9, 10, 11, 12]
var0_10 [0, 1, 2, 3, 9, 10, 11, 12]
var0_11 [0, 1, 2, 3, 9, 10, 11, 12]
var0_12 [0, 1, 2, 3, 9, 10, 11, 12]
var0_13 [0, 1, 2, 3, 9, 10, 11, 12]
var0_14 [0, 1, 2, 3, 9, 10, 11, 12]
var0_15 [0, 1, 2, 3, 9, 10, 11, 12]
var0_16 [0, 1, 2, 3, 9, 10, 11, 12]
var0_17 [0, 1, 2, 3, 9, 10, 11, 12]
var0_18 [0, 1, 2, 3, 9, 10, 11, 12]
var0_19 [0, 1, 2, 3, 9, 10, 11, 12]
var0_20 [0, 1, 2, 3, 9, 10, 11, 12]
var0_21 [0, 1, 2, 3, 9, 10, 11, 12]
var0_22 [0, 1, 2, 3, 9, 10, 11, 12]
var0_23 [0, 1, 2, 3, 9, 10, 11, 12]
var0_24 [0, 1, 2, 3, 9, 10, 11, 12]
var0_25 [0, 1, 2, 3, 9, 10, 11, 12]
var0_26 [0, 1, 2, 3, 9, 10, 11, 12]
var0_27 [0, 1, 2, 3, 9, 10, 11, 12]
var0_28 [0, 1, 2, 3, 9, 10, 11, 12]
var0_29 [0, 1, 2, 3, 9, 10, 11, 12]
var0_30 [0, 1, 2, 3, 9, 10, 11, 12]
var0_31 [0, 1, 2, 3, 9, 10, 11, 12]
var0_0 [0, 1, 2, 3, 9, 10, 11, 12]
var0_1 [0, 1, 2, 3, 9, 10, 11, 12]
var0_2 [0, 1, 2, 3, 9, 10, 11, 12]
var0_3 [0, 1, 2, 3, 9, 10, 11, 12]
var0_4 [0, 1, 2, 3, 9, 10, 11, 12]
var0_5 [0, 1, 2, 3, 9, 10, 11, 12]
var0_6 [0, 1, 2, 3, 9, 10, 11, 12]
var0_7 [0, 1, 2, 3, 9, 10, 11, 12]
var0_8 [0, 1, 2, 3, 9, 10, 11, 12]
var0_9 [0, 1, 2, 3, 9, 10, 11, 12]
var0_10 [0, 1, 2, 3, 9, 10, 11, 12]
var0_11 [0, 1, 2, 3, 9, 10, 11, 12]
var0_12 [0, 1, 2, 3, 9, 10, 11, 12]
var0_13 [0, 1, 2, 3, 9, 10, 11, 12]
var0_14 [0, 1, 2, 3, 9, 10, 11, 12]
var0_15 [0, 1, 2, 3, 9, 10, 11, 12]
var0_16 [0, 1, 2, 3, 9, 10, 11, 12]
var0_17 [0, 1, 2, 3, 9, 10, 11, 12]
var0_18 [0, 1, 2, 3, 9, 10, 11, 12]
var0_19 [0, 1, 2, 3, 9, 10, 11, 12]
var0_20 [0, 1, 2, 3, 9, 10, 11, 12]
var0_21 [0, 1, 2, 3, 9, 10, 11, 12]
var0_22 [0, 1, 2, 3, 9, 10, 11, 12]
var0_23 [0, 1, 2, 3, 9, 10, 11, 12]
var0_24 [0, 1, 2, 3, 9, 10, 11, 12]
var0_25 [0, 1, 2, 3, 9, 10, 11, 12]
var0_26 [0, 1, 2, 3, 9, 10, 11, 12]
var0_27 [0, 1, 2, 3, 9, 10, 11, 12]
var0_28 [0, 1, 2, 3, 9, 10, 11, 12]
var0_29 [0, 1, 2, 3, 9, 10, 11, 12]
var0_30 [0, 1, 2, 3, 9, 10, 11, 12]
var0_31 [0, 1, 2, 3, 9, 10, 11, 12]
