var0_0 [37, 106]
var0_1 [37, 106]
var1_0 [50, 52, 58, 74, 75]
var1_1 [50, 52, 58, 74, 75]
var1_2 [50, 52, 58, 74, 75]
var1_3 [50, 52, 58, 74, 75]
var0_0 [37, 106]
var0_1 [37, 106]
var1_0 [50, 52, 58, 74, 75]
var1_1 [50, 52, 58, 74, 75]
var1_2 [50, 52, 58, 74, 75]
var1_3 [50, 52, 58, 74, 75]
var0_0 [37, 106]
var0_1 [37, 106]
var1_0 [50, 52, 58, 74, 75]
var1_1 [50, 52, 58, 74, 75]
var1_2 [50, 52, 58, 74, 75]
var1_3 [50, 52, 58, 74, 75]
var0_0 [37, 106]
var0_1 [37, 106]
var1_0 [50, 52, 58, 74, 75]
var1_1 [50, 52, 58, 74, 75]
var1_2 [50, 52, 58, 74, 75]
var1_3 [50, 52, 58, 74, 75]
var0_0 [37, 106]
var0_1 [37, 106]
var1_0 [50, 52, 58, 74, 75]
var1_1 [50, 52, 58, 74, 75]
var1_2 [50, 52, 58, 74, 75]
var1_3 [50, 52, 58, 74, 75]
var0_0 [37, 106]
var0_1 [37, 106]
var1_0 [50, 52, 58, 74, 75]
var1_1 [50, 52, 58, 74, 75]
var1_2 [50, 52, 58, 74, 75]
var1_3 [50, 52, 58, 74, 75]
