var0_0 [14, 18, 28, 30, 85]
var0_1 [14, 18, 28, 30, 85]
var0_2 [14, 18, 28, 30, 85]
var1_0 [18, 58]
var1_1 [18, 58]
var1_2 [18, 58]
var1_3 [18, 58]
var0_0 [14, 18, 28, 30, 85]
var0_1 [14, 18, 28, 30, 85]
var0_0 [14, 18, 28, 30, 85]
var0_1 [14, 18, 28, 30, 85]
var0_2 [14, 18, 28, 30, 85]
var1_0 [18, 58]
var1_1 [18, 58]
var1_2 [18, 58]
var1_3 [18, 58]
var0_0 [14, 18, 28, 30, 85]
var0_1 [14, 18, 28, 30, 85]
var0_0 [14, 18, 28, 30, 85]
var0_1 [14, 18, 28, 30, 85]
var0_2 [14, 18, 28, 30, 85]
var1_0 [18, 58]
var1_1 [18, 58]
var1_2 [18, 58]
var1_3 [18, 58]
var0_0 [14, 18, 28, 30, 85]
var0_1 [14, 18, 28, 30, 85]
var0_0 [14, 18, 28, 30, 85]
var0_1 [14, 18, 28, 30, 85]
var0_2 [14, 18, 28, 30, 85]
var1_0 [18, 58]
var1_1 [18, 58]
var1_2 [18, 58]
var1_3 [18, 58]
var0_0 [14, 18, 28, 30, 85]
var0_1 [14, 18, 28, 30, 85]
var0_2 [14, 18, 28, 30, 85]
var1_0 [18, 58]
var1_1 [18, 58]
var1_2 [18, 58]
var1_3 [18, 58]
var0_0 [14, 18, 28, 30, 85]
var0_1 [14, 18, 28, 30, 85]
