var0_0 [6, 7, 50, 58]
var0_1 [6, 7, 50, 58]
var0_2 [6, 7, 50, 58]
var0_3 [6, 7, 50, 58]
var0_4 [6, 7, 50, 58]
var0_5 [6, 7, 50, 58]
var0_6 [6, 7, 50, 58]
var0_7 [6, 7, 50, 58]
var0_8 [6, 7, 50, 58]
var1_0 [15, 51, 58, 100, 112, 114, 115, 116, 118, 124, 125]
var1_1 [15, 51, 58, 100, 112, 114, 115, 116, 118, 124, 125]
var1_2 [15, 51, 58, 100, 112, 114, 115, 116, 118, 124, 125]
var1_3 [15, 51, 58, 100, 112, 114, 115, 116, 118, 124, 125]
var1_4 [15, 51, 58, 100, 112, 114, 115, 116, 118, 124, 125]
var1_5 [15, 51, 58, 100, 112, 114, 115, 116, 118, 124, 125]
var1_6 [15, 51, 58, 100, 112, 114, 115, 116, 118, 124, 125]
var1_7 [15, 51, 58, 100, 112, 114, 115, 116, 118, 124, 125]
var1_8 [15, 51, 58, 100, 112, 114, 115, 116, 118, 124, 125]
var2_0 [18, 25, 26, 27, 29, 30, 51, 58]
var2_1 [18, 25, 26, 27, 29, 30, 51, 58]
var2_2 [18, 25, 26, 27, 29, 30, 51, 58]
var2_3 [18, 25, 26, 27, 29, 30, 51, 58]
var2_4 [18, 25, 26, 27, 29, 30, 51, 58]
var2_5 [18, 25, 26, 27, 29, 30, 51, 58]
var2_6 [18, 25, 26, 27, 29, 30, 51, 58]
var2_7 [18, 25, 26, 27, 29, 30, 51, 58]
var3_0 [50, 58, 64, 65, 67, 69, 76, 106, 107, 108]
var3_1 [50, 58, 64, 65, 67, 69, 76, 106, 107, 108]
var3_2 [50, 58, 64, 65, 67, 69, 76, 106, 107, 108]
var3_3 [50, 58, 64, 65, 67, 69, 76, 106, 107, 108]
var3_4 [50, 58, 64, 65, 67, 69, 76, 106, 107, 108]
var3_5 [50, 58, 64, 65, 67, 69, 76, 106, 107, 108]
var3_6 [50, 58, 64, 65, 67, 69, 76, 106, 107, 108]
var3_7 [50, 58, 64, 65, 67, 69, 76, 106, 107, 108]
var3_8 [50, 58, 64, 65, 67, 69, 76, 106, 107, 108]
var3_9 [50, 58, 64, 65, 67, 69, 76, 106, 107, 108]
var4_0 [37, 49]
var4_1 [37, 49]
var4_2 [37, 49]
var4_3 [37, 49]
var4_4 [37, 49]
var4_5 [37, 49]
var4_6 [37, 49]
var4_7 [37, 49]
var4_8 [37, 49]
var4_9 [37, 49]
var5_0 [37, 66, 68, 72, 74, 75]
var5_1 [37, 66, 68, 72, 74, 75]
var5_2 [37, 66, 68, 72, 74, 75]
var5_3 [37, 66, 68, 72, 74, 75]
var5_4 [37, 66, 68, 72, 74, 75]
var5_5 [37, 66, 68, 72, 74, 75]
var5_6 [37, 66, 68, 72, 74, 75]
var6_0 [37, 72, 93, 170]
var6_1 [37, 72, 93, 170]
var6_2 [37, 72, 93, 170]
var6_3 [37, 72, 93, 170]
var6_4 [37, 72, 93, 170]
var6_5 [37, 72, 93, 170]
var6_6 [37, 72, 93, 170]
var0_0 [4, 6, 7, 15, 51, 58]
var0_1 [4, 6, 7, 15, 51, 58]
var0_2 [4, 6, 7, 15, 51, 58]
var0_3 [4, 6, 7, 15, 51, 58]
var0_4 [4, 6, 7, 15, 51, 58]
var0_5 [4, 6, 7, 15, 51, 58]
var0_6 [4, 6, 7, 15, 51, 58]
var1_0 [18, 23, 51, 58, 75]
var1_1 [18, 23, 51, 58, 75]
var1_2 [18, 23, 51, 58, 75]
var1_3 [18, 23, 51, 58, 75]
var1_4 [18, 23, 51, 58, 75]
var1_5 [18, 23, 51, 58, 75]
var1_6 [18, 23, 51, 58, 75]
var1_7 [18, 23, 51, 58, 75]
var1_8 [18, 23, 51, 58, 75]
var2_0 [16, 50, 58, 70, 75]
var2_1 [16, 50, 58, 70, 75]
var2_2 [16, 50, 58, 70, 75]
var2_3 [16, 50, 58, 70, 75]
var2_4 [16, 50, 58, 70, 75]
var2_5 [16, 50, 58, 70, 75]
var3_0 [49, 66, 68]
var3_1 [49, 66, 68]
var3_2 [49, 66, 68]
var3_3 [49, 66, 68]
var4_0 [49, 104, 124, 167]
var4_1 [49, 104, 124, 167]
var4_2 [49, 104, 124, 167]
var4_3 [49, 104, 124, 167]
var0_0 [6, 7, 37, 49]
var0_1 [6, 7, 37, 49]
var0_2 [6, 7, 37, 49]
var1_0 [16, 50, 58, 66, 75]
var1_1 [16, 50, 58, 66, 75]
var1_2 [16, 50, 58, 66, 75]
var1_3 [16, 50, 58, 66, 75]
var2_0 [16, 50, 58, 65, 66, 67, 69, 78]
var2_1 [16, 50, 58, 65, 66, 67, 69, 78]
var2_2 [16, 50, 58, 65, 66, 67, 69, 78]
var2_3 [16, 50, 58, 65, 66, 67, 69, 78]
var0_0 [6, 7, 37, 49]
var0_1 [6, 7, 37, 49]
var0_2 [6, 7, 37, 49]
var1_0 [16, 50, 58, 66, 75]
var1_1 [16, 50, 58, 66, 75]
var1_2 [16, 50, 58, 66, 75]
var1_3 [16, 50, 58, 66, 75]
var2_0 [16, 50, 58, 65, 66, 67, 69, 78]
var2_1 [16, 50, 58, 65, 66, 67, 69, 78]
var2_2 [16, 50, 58, 65, 66, 67, 69, 78]
var2_3 [16, 50, 58, 65, 66, 67, 69, 78]
var0_0 [6, 7, 37, 49]
var0_1 [6, 7, 37, 49]
var0_2 [6, 7, 37, 49]
var1_0 [16, 50, 58, 66, 75]
var1_1 [16, 50, 58, 66, 75]
var1_2 [16, 50, 58, 66, 75]
var1_3 [16, 50, 58, 66, 75]
var2_0 [16, 50, 58, 65, 66, 67, 69, 78]
var2_1 [16, 50, 58, 65, 66, 67, 69, 78]
var2_2 [16, 50, 58, 65, 66, 67, 69, 78]
var2_3 [16, 50, 58, 65, 66, 67, 69, 78]
var0_0 [6, 7, 37, 49]
var0_1 [6, 7, 37, 49]
var0_2 [6, 7, 37, 49]
var1_0 [16, 50, 58, 66, 75]
var1_1 [16, 50, 58, 66, 75]
var1_2 [16, 50, 58, 66, 75]
var1_3 [16, 50, 58, 66, 75]
var2_0 [16, 50, 58, 65, 66, 67, 69, 78]
var2_1 [16, 50, 58, 65, 66, 67, 69, 78]
var2_2 [16, 50, 58, 65, 66, 67, 69, 78]
var2_3 [16, 50, 58, 65, 66, 67, 69, 78]
var0_0 [6, 7, 37, 49]
var0_1 [6, 7, 37, 49]
var0_2 [6, 7, 37, 49]
var1_0 [16, 50, 58, 66, 75]
var1_1 [16, 50, 58, 66, 75]
var1_2 [16, 50, 58, 66, 75]
var1_3 [16, 50, 58, 66, 75]
var2_0 [16, 50, 58, 65, 66, 67, 69, 78]
var2_1 [16, 50, 58, 65, 66, 67, 69, 78]
var2_2 [16, 50, 58, 65, 66, 67, 69, 78]
var2_3 [16, 50, 58, 65, 66, 67, 69, 78]
var0_0 [6, 7, 37, 49]
var0_1 [6, 7, 37, 49]
var0_2 [6, 7, 37, 49]
var1_0 [16, 50, 58, 66, 75]
var1_1 [16, 50, 58, 66, 75]
var1_2 [16, 50, 58, 66, 75]
var1_3 [16, 50, 58, 66, 75]
var2_0 [16, 50, 58, 65, 66, 67, 69, 78]
var2_1 [16, 50, 58, 65, 66, 67, 69, 78]
var2_2 [16, 50, 58, 65, 66, 67, 69, 78]
var2_3 [16, 50, 58, 65, 66, 67, 69, 78]
var0_0 [6, 7, 37, 49]
var0_1 [6, 7, 37, 49]
var0_2 [6, 7, 37, 49]
var1_0 [16, 50, 58, 66, 75]
var1_1 [16, 50, 58, 66, 75]
var1_2 [16, 50, 58, 66, 75]
var1_3 [16, 50, 58, 66, 75]
var2_0 [16, 50, 58, 65, 66, 67, 69, 78]
var2_1 [16, 50, 58, 65, 66, 67, 69, 78]
var2_2 [16, 50, 58, 65, 66, 67, 69, 78]
var2_3 [16, 50, 58, 65, 66, 67, 69, 78]
var0_0 [6, 7, 37, 49]
var0_1 [6, 7, 37, 49]
var0_2 [6, 7, 37, 49]
var1_0 [16, 50, 58, 66, 75]
var1_1 [16, 50, 58, 66, 75]
var1_2 [16, 50, 58, 66, 75]
var1_3 [16, 50, 58, 66, 75]
var2_0 [16, 50, 58, 65, 66, 67, 69, 78]
var2_1 [16, 50, 58, 65, 66, 67, 69, 78]
var2_2 [16, 50, 58, 65, 66, 67, 69, 78]
var2_3 [16, 50, 58, 65, 66, 67, 69, 78]
var0_0 [6, 7, 37, 49]
var0_1 [6, 7, 37, 49]
var0_2 [6, 7, 37, 49]
var1_0 [16, 50, 58, 66, 75]
var1_1 [16, 50, 58, 66, 75]
var1_2 [16, 50, 58, 66, 75]
var1_3 [16, 50, 58, 66, 75]
var2_0 [16, 50, 58, 65, 66, 67, 69, 78]
var2_1 [16, 50, 58, 65, 66, 67, 69, 78]
var2_2 [16, 50, 58, 65, 66, 67, 69, 78]
var2_3 [16, 50, 58, 65, 66, 67, 69, 78]
var0_0 [6, 7, 37, 49]
var0_1 [6, 7, 37, 49]
var0_2 [6, 7, 37, 49]
var1_0 [16, 50, 58, 66, 75]
var1_1 [16, 50, 58, 66, 75]
var1_2 [16, 50, 58, 66, 75]
var1_3 [16, 50, 58, 66, 75]
var2_0 [16, 50, 58, 65, 66, 67, 69, 78]
var2_1 [16, 50, 58, 65, 66, 67, 69, 78]
var2_2 [16, 50, 58, 65, 66, 67, 69, 78]
var2_3 [16, 50, 58, 65, 66, 67, 69, 78]
var0_0 [6, 7, 50, 58]
var0_1 [6, 7, 50, 58]
var0_2 [6, 7, 50, 58]
var0_3 [6, 7, 50, 58]
var0_4 [6, 7, 50, 58]
var0_5 [6, 7, 50, 58]
var0_6 [6, 7, 50, 58]
var0_7 [6, 7, 50, 58]
var0_8 [6, 7, 50, 58]
var1_0 [15, 51, 58, 100, 112, 114, 115, 116, 118, 124, 125]
var1_1 [15, 51, 58, 100, 112, 114, 115, 116, 118, 124, 125]
var1_2 [15, 51, 58, 100, 112, 114, 115, 116, 118, 124, 125]
var1_3 [15, 51, 58, 100, 112, 114, 115, 116, 118, 124, 125]
var1_4 [15, 51, 58, 100, 112, 114, 115, 116, 118, 124, 125]
var1_5 [15, 51, 58, 100, 112, 114, 115, 116, 118, 124, 125]
var1_6 [15, 51, 58, 100, 112, 114, 115, 116, 118, 124, 125]
var1_7 [15, 51, 58, 100, 112, 114, 115, 116, 118, 124, 125]
var1_8 [15, 51, 58, 100, 112, 114, 115, 116, 118, 124, 125]
var2_0 [18, 25, 26, 27, 29, 30, 51, 58]
var2_1 [18, 25, 26, 27, 29, 30, 51, 58]
var2_2 [18, 25, 26, 27, 29, 30, 51, 58]
var2_3 [18, 25, 26, 27, 29, 30, 51, 58]
var2_4 [18, 25, 26, 27, 29, 30, 51, 58]
var2_5 [18, 25, 26, 27, 29, 30, 51, 58]
var2_6 [18, 25, 26, 27, 29, 30, 51, 58]
var2_7 [18, 25, 26, 27, 29, 30, 51, 58]
var3_0 [50, 58, 64, 65, 67, 69, 76, 106, 107, 108]
var3_1 [50, 58, 64, 65, 67, 69, 76, 106, 107, 108]
var3_2 [50, 58, 64, 65, 67, 69, 76, 106, 107, 108]
var3_3 [50, 58, 64, 65, 67, 69, 76, 106, 107, 108]
var3_4 [50, 58, 64, 65, 67, 69, 76, 106, 107, 108]
var3_5 [50, 58, 64, 65, 67, 69, 76, 106, 107, 108]
var3_6 [50, 58, 64, 65, 67, 69, 76, 106, 107, 108]
var3_7 [50, 58, 64, 65, 67, 69, 76, 106, 107, 108]
var3_8 [50, 58, 64, 65, 67, 69, 76, 106, 107, 108]
var3_9 [50, 58, 64, 65, 67, 69, 76, 106, 107, 108]
var4_0 [37, 49]
var4_1 [37, 49]
var4_2 [37, 49]
var4_3 [37, 49]
var4_4 [37, 49]
var4_5 [37, 49]
var4_6 [37, 49]
var4_7 [37, 49]
var4_8 [37, 49]
var4_9 [37, 49]
var5_0 [37, 66, 68, 72, 74, 75]
var5_1 [37, 66, 68, 72, 74, 75]
var5_2 [37, 66, 68, 72, 74, 75]
var5_3 [37, 66, 68, 72, 74, 75]
var5_4 [37, 66, 68, 72, 74, 75]
var5_5 [37, 66, 68, 72, 74, 75]
var5_6 [37, 66, 68, 72, 74, 75]
var6_0 [37, 72, 93, 170]
var6_1 [37, 72, 93, 170]
var6_2 [37, 72, 93, 170]
var6_3 [37, 72, 93, 170]
var6_4 [37, 72, 93, 170]
var6_5 [37, 72, 93, 170]
var6_6 [37, 72, 93, 170]
var0_0 [4, 6, 7, 15, 51, 58]
var0_1 [4, 6, 7, 15, 51, 58]
var0_2 [4, 6, 7, 15, 51, 58]
var0_3 [4, 6, 7, 15, 51, 58]
var0_4 [4, 6, 7, 15, 51, 58]
var0_5 [4, 6, 7, 15, 51, 58]
var0_6 [4, 6, 7, 15, 51, 58]
var1_0 [18, 23, 51, 58, 75]
var1_1 [18, 23, 51, 58, 75]
var1_2 [18, 23, 51, 58, 75]
var1_3 [18, 23, 51, 58, 75]
var1_4 [18, 23, 51, 58, 75]
var1_5 [18, 23, 51, 58, 75]
var1_6 [18, 23, 51, 58, 75]
var1_7 [18, 23, 51, 58, 75]
var1_8 [18, 23, 51, 58, 75]
var2_0 [16, 50, 58, 70, 75]
var2_1 [16, 50, 58, 70, 75]
var2_2 [16, 50, 58, 70, 75]
var2_3 [16, 50, 58, 70, 75]
var2_4 [16, 50, 58, 70, 75]
var2_5 [16, 50, 58, 70, 75]
var3_0 [49, 66, 68]
var3_1 [49, 66, 68]
var3_2 [49, 66, 68]
var3_3 [49, 66, 68]
var4_0 [49, 104, 124, 167]
var4_1 [49, 104, 124, 167]
var4_2 [49, 104, 124, 167]
var4_3 [49, 104, 124, 167]
var0_0 [6, 7, 37, 49]
var0_1 [6, 7, 37, 49]
var0_2 [6, 7, 37, 49]
var1_0 [16, 50, 58, 66, 75]
var1_1 [16, 50, 58, 66, 75]
var1_2 [16, 50, 58, 66, 75]
var1_3 [16, 50, 58, 66, 75]
var2_0 [16, 50, 58, 65, 66, 67, 69, 78]
var2_1 [16, 50, 58, 65, 66, 67, 69, 78]
var2_2 [16, 50, 58, 65, 66, 67, 69, 78]
var2_3 [16, 50, 58, 65, 66, 67, 69, 78]
var0_0 [6, 7, 37, 49]
var0_1 [6, 7, 37, 49]
var0_2 [6, 7, 37, 49]
var1_0 [16, 50, 58, 66, 75]
var1_1 [16, 50, 58, 66, 75]
var1_2 [16, 50, 58, 66, 75]
var1_3 [16, 50, 58, 66, 75]
var2_0 [16, 50, 58, 65, 66, 67, 69, 78]
var2_1 [16, 50, 58, 65, 66, 67, 69, 78]
var2_2 [16, 50, 58, 65, 66, 67, 69, 78]
var2_3 [16, 50, 58, 65, 66, 67, 69, 78]
var0_0 [6, 7, 50, 58]
var0_1 [6, 7, 50, 58]
var0_2 [6, 7, 50, 58]
var0_3 [6, 7, 50, 58]
var0_4 [6, 7, 50, 58]
var0_5 [6, 7, 50, 58]
var0_6 [6, 7, 50, 58]
var0_7 [6, 7, 50, 58]
var0_8 [6, 7, 50, 58]
var1_0 [15, 51, 58, 100, 112, 114, 115, 116, 118, 124, 125]
var1_1 [15, 51, 58, 100, 112, 114, 115, 116, 118, 124, 125]
var1_2 [15, 51, 58, 100, 112, 114, 115, 116, 118, 124, 125]
var1_3 [15, 51, 58, 100, 112, 114, 115, 116, 118, 124, 125]
var1_4 [15, 51, 58, 100, 112, 114, 115, 116, 118, 124, 125]
var1_5 [15, 51, 58, 100, 112, 114, 115, 116, 118, 124, 125]
var1_6 [15, 51, 58, 100, 112, 114, 115, 116, 118, 124, 125]
var1_7 [15, 51, 58, 100, 112, 114, 115, 116, 118, 124, 125]
var1_8 [15, 51, 58, 100, 112, 114, 115, 116, 118, 124, 125]
var2_0 [18, 25, 26, 27, 29, 30, 51, 58]
var2_1 [18, 25, 26, 27, 29, 30, 51, 58]
var2_2 [18, 25, 26, 27, 29, 30, 51, 58]
var2_3 [18, 25, 26, 27, 29, 30, 51, 58]
var2_4 [18, 25, 26, 27, 29, 30, 51, 58]
var2_5 [18, 25, 26, 27, 29, 30, 51, 58]
var2_6 [18, 25, 26, 27, 29, 30, 51, 58]
var2_7 [18, 25, 26, 27, 29, 30, 51, 58]
var3_0 [50, 58, 64, 65, 67, 69, 76, 106, 107, 108]
var3_1 [50, 58, 64, 65, 67, 69, 76, 106, 107, 108]
var3_2 [50, 58, 64, 65, 67, 69, 76, 106, 107, 108]
var3_3 [50, 58, 64, 65, 67, 69, 76, 106, 107, 108]
var3_4 [50, 58, 64, 65, 67, 69, 76, 106, 107, 108]
var3_5 [50, 58, 64, 65, 67, 69, 76, 106, 107, 108]
var3_6 [50, 58, 64, 65, 67, 69, 76, 106, 107, 108]
var3_7 [50, 58, 64, 65, 67, 69, 76, 106, 107, 108]
var3_8 [50, 58, 64, 65, 67, 69, 76, 106, 107, 108]
var3_9 [50, 58, 64, 65, 67, 69, 76, 106, 107, 108]
var4_0 [37, 49]
var4_1 [37, 49]
var4_2 [37, 49]
var4_3 [37, 49]
var4_4 [37, 49]
var4_5 [37, 49]
var4_6 [37, 49]
var4_7 [37, 49]
var4_8 [37, 49]
var4_9 [37, 49]
var5_0 [37, 66, 68, 72, 74, 75]
var5_1 [37, 66, 68, 72, 74, 75]
var5_2 [37, 66, 68, 72, 74, 75]
var5_3 [37, 66, 68, 72, 74, 75]
var5_4 [37, 66, 68, 72, 74, 75]
var5_5 [37, 66, 68, 72, 74, 75]
var5_6 [37, 66, 68, 72, 74, 75]
var6_0 [37, 72, 93, 170]
var6_1 [37, 72, 93, 170]
var6_2 [37, 72, 93, 170]
var6_3 [37, 72, 93, 170]
var6_4 [37, 72, 93, 170]
var6_5 [37, 72, 93, 170]
var6_6 [37, 72, 93, 170]
var0_0 [4, 6, 7, 15, 51, 58]
var0_1 [4, 6, 7, 15, 51, 58]
var0_2 [4, 6, 7, 15, 51, 58]
var0_3 [4, 6, 7, 15, 51, 58]
var0_4 [4, 6, 7, 15, 51, 58]
var0_5 [4, 6, 7, 15, 51, 58]
var0_6 [4, 6, 7, 15, 51, 58]
var1_0 [18, 23, 51, 58, 75]
var1_1 [18, 23, 51, 58, 75]
var1_2 [18, 23, 51, 58, 75]
var1_3 [18, 23, 51, 58, 75]
var1_4 [18, 23, 51, 58, 75]
var1_5 [18, 23, 51, 58, 75]
var1_6 [18, 23, 51, 58, 75]
var1_7 [18, 23, 51, 58, 75]
var1_8 [18, 23, 51, 58, 75]
var2_0 [16, 50, 58, 70, 75]
var2_1 [16, 50, 58, 70, 75]
var2_2 [16, 50, 58, 70, 75]
var2_3 [16, 50, 58, 70, 75]
var2_4 [16, 50, 58, 70, 75]
var2_5 [16, 50, 58, 70, 75]
var3_0 [49, 66, 68]
var3_1 [49, 66, 68]
var3_2 [49, 66, 68]
var3_3 [49, 66, 68]
var4_0 [49, 104, 124, 167]
var4_1 [49, 104, 124, 167]
var4_2 [49, 104, 124, 167]
var4_3 [49, 104, 124, 167]
var0_0 [6, 7, 37, 49]
var0_1 [6, 7, 37, 49]
var0_2 [6, 7, 37, 49]
var1_0 [16, 50, 58, 66, 75]
var1_1 [16, 50, 58, 66, 75]
var1_2 [16, 50, 58, 66, 75]
var1_3 [16, 50, 58, 66, 75]
var2_0 [16, 50, 58, 65, 66, 67, 69, 78]
var2_1 [16, 50, 58, 65, 66, 67, 69, 78]
var2_2 [16, 50, 58, 65, 66, 67, 69, 78]
var2_3 [16, 50, 58, 65, 66, 67, 69, 78]
var0_0 [6, 7, 50, 58]
var0_1 [6, 7, 50, 58]
var0_2 [6, 7, 50, 58]
var0_3 [6, 7, 50, 58]
var0_4 [6, 7, 50, 58]
var0_5 [6, 7, 50, 58]
var0_6 [6, 7, 50, 58]
var0_7 [6, 7, 50, 58]
var0_8 [6, 7, 50, 58]
var1_0 [15, 51, 58, 100, 112, 114, 115, 116, 118, 124, 125]
var1_1 [15, 51, 58, 100, 112, 114, 115, 116, 118, 124, 125]
var1_2 [15, 51, 58, 100, 112, 114, 115, 116, 118, 124, 125]
var1_3 [15, 51, 58, 100, 112, 114, 115, 116, 118, 124, 125]
var1_4 [15, 51, 58, 100, 112, 114, 115, 116, 118, 124, 125]
var1_5 [15, 51, 58, 100, 112, 114, 115, 116, 118, 124, 125]
var1_6 [15, 51, 58, 100, 112, 114, 115, 116, 118, 124, 125]
var1_7 [15, 51, 58, 100, 112, 114, 115, 116, 118, 124, 125]
var1_8 [15, 51, 58, 100, 112, 114, 115, 116, 118, 124, 125]
var2_0 [18, 25, 26, 27, 29, 30, 51, 58]
var2_1 [18, 25, 26, 27, 29, 30, 51, 58]
var2_2 [18, 25, 26, 27, 29, 30, 51, 58]
var2_3 [18, 25, 26, 27, 29, 30, 51, 58]
var2_4 [18, 25, 26, 27, 29, 30, 51, 58]
var2_5 [18, 25, 26, 27, 29, 30, 51, 58]
var2_6 [18, 25, 26, 27, 29, 30, 51, 58]
var2_7 [18, 25, 26, 27, 29, 30, 51, 58]
var3_0 [50, 58, 64, 65, 67, 69, 76, 106, 107, 108]
var3_1 [50, 58, 64, 65, 67, 69, 76, 106, 107, 108]
var3_2 [50, 58, 64, 65, 67, 69, 76, 106, 107, 108]
var3_3 [50, 58, 64, 65, 67, 69, 76, 106, 107, 108]
var3_4 [50, 58, 64, 65, 67, 69, 76, 106, 107, 108]
var3_5 [50, 58, 64, 65, 67, 69, 76, 106, 107, 108]
var3_6 [50, 58, 64, 65, 67, 69, 76, 106, 107, 108]
var3_7 [50, 58, 64, 65, 67, 69, 76, 106, 107, 108]
var3_8 [50, 58, 64, 65, 67, 69, 76, 106, 107, 108]
var3_9 [50, 58, 64, 65, 67, 69, 76, 106, 107, 108]
var4_0 [37, 49]
var4_1 [37, 49]
var4_2 [37, 49]
var4_3 [37, 49]
var4_4 [37, 49]
var4_5 [37, 49]
var4_6 [37, 49]
var4_7 [37, 49]
var4_8 [37, 49]
var4_9 [37, 49]
var5_0 [37, 66, 68, 72, 74, 75]
var5_1 [37, 66, 68, 72, 74, 75]
var5_2 [37, 66, 68, 72, 74, 75]
var5_3 [37, 66, 68, 72, 74, 75]
var5_4 [37, 66, 68, 72, 74, 75]
var5_5 [37, 66, 68, 72, 74, 75]
var5_6 [37, 66, 68, 72, 74, 75]
var6_0 [37, 72, 93, 170]
var6_1 [37, 72, 93, 170]
var6_2 [37, 72, 93, 170]
var6_3 [37, 72, 93, 170]
var6_4 [37, 72, 93, 170]
var6_5 [37, 72, 93, 170]
var6_6 [37, 72, 93, 170]
var0_0 [6, 7, 50, 58]
var0_1 [6, 7, 50, 58]
var0_2 [6, 7, 50, 58]
var0_3 [6, 7, 50, 58]
var0_4 [6, 7, 50, 58]
var0_5 [6, 7, 50, 58]
var0_6 [6, 7, 50, 58]
var0_7 [6, 7, 50, 58]
var0_8 [6, 7, 50, 58]
var1_0 [15, 51, 58, 100, 112, 114, 115, 116, 118, 124, 125]
var1_1 [15, 51, 58, 100, 112, 114, 115, 116, 118, 124, 125]
var1_2 [15, 51, 58, 100, 112, 114, 115, 116, 118, 124, 125]
var1_3 [15, 51, 58, 100, 112, 114, 115, 116, 118, 124, 125]
var1_4 [15, 51, 58, 100, 112, 114, 115, 116, 118, 124, 125]
var1_5 [15, 51, 58, 100, 112, 114, 115, 116, 118, 124, 125]
var1_6 [15, 51, 58, 100, 112, 114, 115, 116, 118, 124, 125]
var1_7 [15, 51, 58, 100, 112, 114, 115, 116, 118, 124, 125]
var1_8 [15, 51, 58, 100, 112, 114, 115, 116, 118, 124, 125]
var2_0 [18, 25, 26, 27, 29, 30, 51, 58]
var2_1 [18, 25, 26, 27, 29, 30, 51, 58]
var2_2 [18, 25, 26, 27, 29, 30, 51, 58]
var2_3 [18, 25, 26, 27, 29, 30, 51, 58]
var2_4 [18, 25, 26, 27, 29, 30, 51, 58]
var2_5 [18, 25, 26, 27, 29, 30, 51, 58]
var2_6 [18, 25, 26, 27, 29, 30, 51, 58]
var2_7 [18, 25, 26, 27, 29, 30, 51, 58]
var3_0 [50, 58, 64, 65, 67, 69, 76, 106, 107, 108]
var3_1 [50, 58, 64, 65, 67, 69, 76, 106, 107, 108]
var3_2 [50, 58, 64, 65, 67, 69, 76, 106, 107, 108]
var3_3 [50, 58, 64, 65, 67, 69, 76, 106, 107, 108]
var3_4 [50, 58, 64, 65, 67, 69, 76, 106, 107, 108]
var3_5 [50, 58, 64, 65, 67, 69, 76, 106, 107, 108]
var3_6 [50, 58, 64, 65, 67, 69, 76, 106, 107, 108]
var3_7 [50, 58, 64, 65, 67, 69, 76, 106, 107, 108]
var3_8 [50, 58, 64, 65, 67, 69, 76, 106, 107, 108]
var3_9 [50, 58, 64, 65, 67, 69, 76, 106, 107, 108]
var4_0 [37, 49]
var4_1 [37, 49]
var4_2 [37, 49]
var4_3 [37, 49]
var4_4 [37, 49]
var4_5 [37, 49]
var4_6 [37, 49]
var4_7 [37, 49]
var4_8 [37, 49]
var4_9 [37, 49]
var5_0 [37, 66, 68, 72, 74, 75]
var5_1 [37, 66, 68, 72, 74, 75]
var5_2 [37, 66, 68, 72, 74, 75]
var5_3 [37, 66, 68, 72, 74, 75]
var5_4 [37, 66, 68, 72, 74, 75]
var5_5 [37, 66, 68, 72, 74, 75]
var5_6 [37, 66, 68, 72, 74, 75]
var6_0 [37, 72, 93, 170]
var6_1 [37, 72, 93, 170]
var6_2 [37, 72, 93, 170]
var6_3 [37, 72, 93, 170]
var6_4 [37, 72, 93, 170]
var6_5 [37, 72, 93, 170]
var6_6 [37, 72, 93, 170]
var0_0 [4, 6, 7, 15, 51, 58]
var0_1 [4, 6, 7, 15, 51, 58]
var0_2 [4, 6, 7, 15, 51, 58]
var0_3 [4, 6, 7, 15, 51, 58]
var0_4 [4, 6, 7, 15, 51, 58]
var0_5 [4, 6, 7, 15, 51, 58]
var0_6 [4, 6, 7, 15, 51, 58]
var1_0 [18, 23, 51, 58, 75]
var1_1 [18, 23, 51, 58, 75]
var1_2 [18, 23, 51, 58, 75]
var1_3 [18, 23, 51, 58, 75]
var1_4 [18, 23, 51, 58, 75]
var1_5 [18, 23, 51, 58, 75]
var1_6 [18, 23, 51, 58, 75]
var1_7 [18, 23, 51, 58, 75]
var1_8 [18, 23, 51, 58, 75]
var2_0 [16, 50, 58, 70, 75]
var2_1 [16, 50, 58, 70, 75]
var2_2 [16, 50, 58, 70, 75]
var2_3 [16, 50, 58, 70, 75]
var2_4 [16, 50, 58, 70, 75]
var2_5 [16, 50, 58, 70, 75]
var3_0 [49, 66, 68]
var3_1 [49, 66, 68]
var3_2 [49, 66, 68]
var3_3 [49, 66, 68]
var4_0 [49, 104, 124, 167]
var4_1 [49, 104, 124, 167]
var4_2 [49, 104, 124, 167]
var4_3 [49, 104, 124, 167]
var0_0 [6, 7, 37, 49]
var0_1 [6, 7, 37, 49]
var0_2 [6, 7, 37, 49]
var1_0 [16, 50, 58, 66, 75]
var1_1 [16, 50, 58, 66, 75]
var1_2 [16, 50, 58, 66, 75]
var1_3 [16, 50, 58, 66, 75]
var2_0 [16, 50, 58, 65, 66, 67, 69, 78]
var2_1 [16, 50, 58, 65, 66, 67, 69, 78]
var2_2 [16, 50, 58, 65, 66, 67, 69, 78]
var2_3 [16, 50, 58, 65, 66, 67, 69, 78]
var0_0 [6, 7, 37, 49]
var0_1 [6, 7, 37, 49]
var0_2 [6, 7, 37, 49]
var1_0 [16, 50, 58, 66, 75]
var1_1 [16, 50, 58, 66, 75]
var1_2 [16, 50, 58, 66, 75]
var1_3 [16, 50, 58, 66, 75]
var2_0 [16, 50, 58, 65, 66, 67, 69, 78]
var2_1 [16, 50, 58, 65, 66, 67, 69, 78]
var2_2 [16, 50, 58, 65, 66, 67, 69, 78]
var2_3 [16, 50, 58, 65, 66, 67, 69, 78]
var0_0 [6, 7, 37, 49]
var0_1 [6, 7, 37, 49]
var0_2 [6, 7, 37, 49]
var1_0 [16, 50, 58, 66, 75]
var1_1 [16, 50, 58, 66, 75]
var1_2 [16, 50, 58, 66, 75]
var1_3 [16, 50, 58, 66, 75]
var2_0 [16, 50, 58, 65, 66, 67, 69, 78]
var2_1 [16, 50, 58, 65, 66, 67, 69, 78]
var2_2 [16, 50, 58, 65, 66, 67, 69, 78]
var2_3 [16, 50, 58, 65, 66, 67, 69, 78]
var0_0 [6, 7, 37, 49]
var0_1 [6, 7, 37, 49]
var0_2 [6, 7, 37, 49]
var1_0 [16, 50, 58, 66, 75]
var1_1 [16, 50, 58, 66, 75]
var1_2 [16, 50, 58, 66, 75]
var1_3 [16, 50, 58, 66, 75]
var2_0 [16, 50, 58, 65, 66, 67, 69, 78]
var2_1 [16, 50, 58, 65, 66, 67, 69, 78]
var2_2 [16, 50, 58, 65, 66, 67, 69, 78]
var2_3 [16, 50, 58, 65, 66, 67, 69, 78]
var0_0 [6, 7, 37, 49]
var0_1 [6, 7, 37, 49]
var0_2 [6, 7, 37, 49]
var1_0 [16, 50, 58, 66, 75]
var1_1 [16, 50, 58, 66, 75]
var1_2 [16, 50, 58, 66, 75]
var1_3 [16, 50, 58, 66, 75]
var2_0 [16, 50, 58, 65, 66, 67, 69, 78]
var2_1 [16, 50, 58, 65, 66, 67, 69, 78]
var2_2 [16, 50, 58, 65, 66, 67, 69, 78]
var2_3 [16, 50, 58, 65, 66, 67, 69, 78]
var0_0 [6, 7, 37, 49]
var0_1 [6, 7, 37, 49]
var0_2 [6, 7, 37, 49]
var1_0 [16, 50, 58, 66, 75]
var1_1 [16, 50, 58, 66, 75]
var1_2 [16, 50, 58, 66, 75]
var1_3 [16, 50, 58, 66, 75]
var2_0 [16, 50, 58, 65, 66, 67, 69, 78]
var2_1 [16, 50, 58, 65, 66, 67, 69, 78]
var2_2 [16, 50, 58, 65, 66, 67, 69, 78]
var2_3 [16, 50, 58, 65, 66, 67, 69, 78]
var0_0 [6, 7, 37, 49]
var0_1 [6, 7, 37, 49]
var0_2 [6, 7, 37, 49]
var1_0 [16, 50, 58, 66, 75]
var1_1 [16, 50, 58, 66, 75]
var1_2 [16, 50, 58, 66, 75]
var1_3 [16, 50, 58, 66, 75]
var2_0 [16, 50, 58, 65, 66, 67, 69, 78]
var2_1 [16, 50, 58, 65, 66, 67, 69, 78]
var2_2 [16, 50, 58, 65, 66, 67, 69, 78]
var2_3 [16, 50, 58, 65, 66, 67, 69, 78]
var0_0 [37, 66, 68, 72, 74, 75]
var0_1 [37, 66, 68, 72, 74, 75]
var0_0 [6, 7, 50, 58]
var0_1 [6, 7, 50, 58]
var0_2 [6, 7, 50, 58]
var0_3 [6, 7, 50, 58]
var0_4 [6, 7, 50, 58]
var0_5 [6, 7, 50, 58]
var0_6 [6, 7, 50, 58]
var0_7 [6, 7, 50, 58]
var0_8 [6, 7, 50, 58]
var1_0 [15, 51, 58, 100, 112, 114, 115, 116, 118, 124, 125]
var1_1 [15, 51, 58, 100, 112, 114, 115, 116, 118, 124, 125]
var1_2 [15, 51, 58, 100, 112, 114, 115, 116, 118, 124, 125]
var1_3 [15, 51, 58, 100, 112, 114, 115, 116, 118, 124, 125]
var1_4 [15, 51, 58, 100, 112, 114, 115, 116, 118, 124, 125]
var1_5 [15, 51, 58, 100, 112, 114, 115, 116, 118, 124, 125]
var1_6 [15, 51, 58, 100, 112, 114, 115, 116, 118, 124, 125]
var1_7 [15, 51, 58, 100, 112, 114, 115, 116, 118, 124, 125]
var1_8 [15, 51, 58, 100, 112, 114, 115, 116, 118, 124, 125]
var2_0 [18, 25, 26, 27, 29, 30, 51, 58]
var2_1 [18, 25, 26, 27, 29, 30, 51, 58]
var2_2 [18, 25, 26, 27, 29, 30, 51, 58]
var2_3 [18, 25, 26, 27, 29, 30, 51, 58]
var2_4 [18, 25, 26, 27, 29, 30, 51, 58]
var2_5 [18, 25, 26, 27, 29, 30, 51, 58]
var2_6 [18, 25, 26, 27, 29, 30, 51, 58]
var2_7 [18, 25, 26, 27, 29, 30, 51, 58]
var3_0 [50, 58, 64, 65, 67, 69, 76, 106, 107, 108]
var3_1 [50, 58, 64, 65, 67, 69, 76, 106, 107, 108]
var3_2 [50, 58, 64, 65, 67, 69, 76, 106, 107, 108]
var3_3 [50, 58, 64, 65, 67, 69, 76, 106, 107, 108]
var3_4 [50, 58, 64, 65, 67, 69, 76, 106, 107, 108]
var3_5 [50, 58, 64, 65, 67, 69, 76, 106, 107, 108]
var3_6 [50, 58, 64, 65, 67, 69, 76, 106, 107, 108]
var3_7 [50, 58, 64, 65, 67, 69, 76, 106, 107, 108]
var3_8 [50, 58, 64, 65, 67, 69, 76, 106, 107, 108]
var3_9 [50, 58, 64, 65, 67, 69, 76, 106, 107, 108]
var4_0 [37, 49]
var4_1 [37, 49]
var4_2 [37, 49]
var4_3 [37, 49]
var4_4 [37, 49]
var4_5 [37, 49]
var4_6 [37, 49]
var4_7 [37, 49]
var4_8 [37, 49]
var4_9 [37, 49]
var4_10 [37, 49]
var4_11 [37, 49]
var4_12 [37, 49]
var4_13 [37, 49]
var5_0 [37, 66, 68, 72, 74, 75]
var5_1 [37, 66, 68, 72, 74, 75]
var5_2 [37, 66, 68, 72, 74, 75]
var5_3 [37, 66, 68, 72, 74, 75]
var5_4 [37, 66, 68, 72, 74, 75]
var5_5 [37, 66, 68, 72, 74, 75]
var5_6 [37, 66, 68, 72, 74, 75]
var5_7 [37, 66, 68, 72, 74, 75]
var5_8 [37, 66, 68, 72, 74, 75]
var5_9 [37, 66, 68, 72, 74, 75]
var5_10 [37, 66, 68, 72, 74, 75]
var5_11 [37, 66, 68, 72, 74, 75]
var6_0 [37, 72, 93, 170]
var6_1 [37, 72, 93, 170]
var6_2 [37, 72, 93, 170]
var6_3 [37, 72, 93, 170]
var6_4 [37, 72, 93, 170]
var6_5 [37, 72, 93, 170]
var6_6 [37, 72, 93, 170]
var6_7 [37, 72, 93, 170]
var6_8 [37, 72, 93, 170]
var0_0 [6, 7, 50, 58]
var0_1 [6, 7, 50, 58]
var0_2 [6, 7, 50, 58]
var0_3 [6, 7, 50, 58]
var0_4 [6, 7, 50, 58]
var0_5 [6, 7, 50, 58]
var0_6 [6, 7, 50, 58]
var0_7 [6, 7, 50, 58]
var0_8 [6, 7, 50, 58]
var1_0 [15, 51, 58, 100, 112, 114, 115, 116, 118, 124, 125]
var1_1 [15, 51, 58, 100, 112, 114, 115, 116, 118, 124, 125]
var1_2 [15, 51, 58, 100, 112, 114, 115, 116, 118, 124, 125]
var1_3 [15, 51, 58, 100, 112, 114, 115, 116, 118, 124, 125]
var1_4 [15, 51, 58, 100, 112, 114, 115, 116, 118, 124, 125]
var1_5 [15, 51, 58, 100, 112, 114, 115, 116, 118, 124, 125]
var1_6 [15, 51, 58, 100, 112, 114, 115, 116, 118, 124, 125]
var1_7 [15, 51, 58, 100, 112, 114, 115, 116, 118, 124, 125]
var1_8 [15, 51, 58, 100, 112, 114, 115, 116, 118, 124, 125]
var2_0 [18, 25, 26, 27, 29, 30, 51, 58]
var2_1 [18, 25, 26, 27, 29, 30, 51, 58]
var2_2 [18, 25, 26, 27, 29, 30, 51, 58]
var2_3 [18, 25, 26, 27, 29, 30, 51, 58]
var2_4 [18, 25, 26, 27, 29, 30, 51, 58]
var2_5 [18, 25, 26, 27, 29, 30, 51, 58]
var2_6 [18, 25, 26, 27, 29, 30, 51, 58]
var2_7 [18, 25, 26, 27, 29, 30, 51, 58]
var3_0 [50, 58, 64, 65, 67, 69, 76, 106, 107, 108]
var3_1 [50, 58, 64, 65, 67, 69, 76, 106, 107, 108]
var3_2 [50, 58, 64, 65, 67, 69, 76, 106, 107, 108]
var3_3 [50, 58, 64, 65, 67, 69, 76, 106, 107, 108]
var3_4 [50, 58, 64, 65, 67, 69, 76, 106, 107, 108]
var3_5 [50, 58, 64, 65, 67, 69, 76, 106, 107, 108]
var3_6 [50, 58, 64, 65, 67, 69, 76, 106, 107, 108]
var3_7 [50, 58, 64, 65, 67, 69, 76, 106, 107, 108]
var3_8 [50, 58, 64, 65, 67, 69, 76, 106, 107, 108]
var3_9 [50, 58, 64, 65, 67, 69, 76, 106, 107, 108]
var4_0 [37, 49]
var4_1 [37, 49]
var4_2 [37, 49]
var4_3 [37, 49]
var4_4 [37, 49]
var4_5 [37, 49]
var4_6 [37, 49]
var4_7 [37, 49]
var4_8 [37, 49]
var4_9 [37, 49]
var4_10 [37, 49]
var4_11 [37, 49]
var5_0 [37, 66, 68, 72, 74, 75]
var5_1 [37, 66, 68, 72, 74, 75]
var5_2 [37, 66, 68, 72, 74, 75]
var5_3 [37, 66, 68, 72, 74, 75]
var5_4 [37, 66, 68, 72, 74, 75]
var5_5 [37, 66, 68, 72, 74, 75]
var5_6 [37, 66, 68, 72, 74, 75]
var5_7 [37, 66, 68, 72, 74, 75]
var5_8 [37, 66, 68, 72, 74, 75]
var5_9 [37, 66, 68, 72, 74, 75]
var6_0 [37, 72, 93, 170]
var6_1 [37, 72, 93, 170]
var6_2 [37, 72, 93, 170]
var6_3 [37, 72, 93, 170]
var6_4 [37, 72, 93, 170]
var6_5 [37, 72, 93, 170]
var6_6 [37, 72, 93, 170]
var6_7 [37, 72, 93, 170]
var0_0 [37, 66, 68, 72, 74, 75]
var0_1 [37, 66, 68, 72, 74, 75]
var0_2 [37, 66, 68, 72, 74, 75]
var0_3 [37, 66, 68, 72, 74, 75]
var0_4 [37, 66, 68, 72, 74, 75]
var0_5 [37, 66, 68, 72, 74, 75]
var0_6 [37, 66, 68, 72, 74, 75]
var1_0 [37, 72, 93, 170]
var1_1 [37, 72, 93, 170]
var1_2 [37, 72, 93, 170]
var1_3 [37, 72, 93, 170]
var1_4 [37, 72, 93, 170]
var2_0 [50, 58, 65, 67, 69]
var2_1 [50, 58, 65, 67, 69]
var2_2 [50, 58, 65, 67, 69]
var2_3 [50, 58, 65, 67, 69]
var3_0 [58, 100, 112, 114, 115, 116, 118, 124, 125]
var3_1 [58, 100, 112, 114, 115, 116, 118, 124, 125]
var3_2 [58, 100, 112, 114, 115, 116, 118, 124, 125]
var3_3 [58, 100, 112, 114, 115, 116, 118, 124, 125]
var0_0 [6, 7, 50, 58]
var0_1 [6, 7, 50, 58]
var0_2 [6, 7, 50, 58]
var0_3 [6, 7, 50, 58]
var0_4 [6, 7, 50, 58]
var0_5 [6, 7, 50, 58]
var0_6 [6, 7, 50, 58]
var0_7 [6, 7, 50, 58]
var0_8 [6, 7, 50, 58]
var1_0 [15, 51, 58, 100, 112, 114, 115, 116, 118, 124, 125]
var1_1 [15, 51, 58, 100, 112, 114, 115, 116, 118, 124, 125]
var1_2 [15, 51, 58, 100, 112, 114, 115, 116, 118, 124, 125]
var1_3 [15, 51, 58, 100, 112, 114, 115, 116, 118, 124, 125]
var1_4 [15, 51, 58, 100, 112, 114, 115, 116, 118, 124, 125]
var1_5 [15, 51, 58, 100, 112, 114, 115, 116, 118, 124, 125]
var1_6 [15, 51, 58, 100, 112, 114, 115, 116, 118, 124, 125]
var1_7 [15, 51, 58, 100, 112, 114, 115, 116, 118, 124, 125]
var1_8 [15, 51, 58, 100, 112, 114, 115, 116, 118, 124, 125]
var2_0 [18, 25, 26, 27, 29, 30, 51, 58]
var2_1 [18, 25, 26, 27, 29, 30, 51, 58]
var2_2 [18, 25, 26, 27, 29, 30, 51, 58]
var2_3 [18, 25, 26, 27, 29, 30, 51, 58]
var2_4 [18, 25, 26, 27, 29, 30, 51, 58]
var2_5 [18, 25, 26, 27, 29, 30, 51, 58]
var2_6 [18, 25, 26, 27, 29, 30, 51, 58]
var2_7 [18, 25, 26, 27, 29, 30, 51, 58]
var3_0 [50, 58, 64, 65, 67, 69, 76, 106, 107, 108]
var3_1 [50, 58, 64, 65, 67, 69, 76, 106, 107, 108]
var3_2 [50, 58, 64, 65, 67, 69, 76, 106, 107, 108]
var3_3 [50, 58, 64, 65, 67, 69, 76, 106, 107, 108]
var3_4 [50, 58, 64, 65, 67, 69, 76, 106, 107, 108]
var3_5 [50, 58, 64, 65, 67, 69, 76, 106, 107, 108]
var3_6 [50, 58, 64, 65, 67, 69, 76, 106, 107, 108]
var3_7 [50, 58, 64, 65, 67, 69, 76, 106, 107, 108]
var3_8 [50, 58, 64, 65, 67, 69, 76, 106, 107, 108]
var3_9 [50, 58, 64, 65, 67, 69, 76, 106, 107, 108]
var4_0 [37, 49]
var4_1 [37, 49]
var4_2 [37, 49]
var4_3 [37, 49]
var4_4 [37, 49]
var4_5 [37, 49]
var4_6 [37, 49]
var4_7 [37, 49]
var4_8 [37, 49]
var4_9 [37, 49]
var5_0 [37, 66, 68, 72, 74, 75]
var5_1 [37, 66, 68, 72, 74, 75]
var5_2 [37, 66, 68, 72, 74, 75]
var5_3 [37, 66, 68, 72, 74, 75]
var5_4 [37, 66, 68, 72, 74, 75]
var5_5 [37, 66, 68, 72, 74, 75]
var5_6 [37, 66, 68, 72, 74, 75]
var6_0 [37, 72, 93, 170]
var6_1 [37, 72, 93, 170]
var6_2 [37, 72, 93, 170]
var6_3 [37, 72, 93, 170]
var6_4 [37, 72, 93, 170]
var6_5 [37, 72, 93, 170]
var6_6 [37, 72, 93, 170]
var0_0 [4, 6, 7, 15, 51, 58]
var0_1 [4, 6, 7, 15, 51, 58]
var0_2 [4, 6, 7, 15, 51, 58]
var0_3 [4, 6, 7, 15, 51, 58]
var0_4 [4, 6, 7, 15, 51, 58]
var0_5 [4, 6, 7, 15, 51, 58]
var0_6 [4, 6, 7, 15, 51, 58]
var1_0 [18, 23, 51, 58, 75]
var1_1 [18, 23, 51, 58, 75]
var1_2 [18, 23, 51, 58, 75]
var1_3 [18, 23, 51, 58, 75]
var1_4 [18, 23, 51, 58, 75]
var1_5 [18, 23, 51, 58, 75]
var1_6 [18, 23, 51, 58, 75]
var1_7 [18, 23, 51, 58, 75]
var1_8 [18, 23, 51, 58, 75]
var2_0 [16, 50, 58, 70, 75]
var2_1 [16, 50, 58, 70, 75]
var2_2 [16, 50, 58, 70, 75]
var2_3 [16, 50, 58, 70, 75]
var2_4 [16, 50, 58, 70, 75]
var2_5 [16, 50, 58, 70, 75]
var3_0 [49, 66, 68]
var3_1 [49, 66, 68]
var3_2 [49, 66, 68]
var3_3 [49, 66, 68]
var4_0 [49, 104, 124, 167]
var4_1 [49, 104, 124, 167]
var4_2 [49, 104, 124, 167]
var4_3 [49, 104, 124, 167]
var0_0 [6, 7, 37, 49]
var0_1 [6, 7, 37, 49]
var0_2 [6, 7, 37, 49]
var1_0 [16, 50, 58, 66, 75]
var1_1 [16, 50, 58, 66, 75]
var1_2 [16, 50, 58, 66, 75]
var1_3 [16, 50, 58, 66, 75]
var2_0 [16, 50, 58, 65, 66, 67, 69, 78]
var2_1 [16, 50, 58, 65, 66, 67, 69, 78]
var2_2 [16, 50, 58, 65, 66, 67, 69, 78]
var2_3 [16, 50, 58, 65, 66, 67, 69, 78]
var0_0 [6, 7, 50, 58]
var0_1 [6, 7, 50, 58]
var0_2 [6, 7, 50, 58]
var0_3 [6, 7, 50, 58]
var0_4 [6, 7, 50, 58]
var0_5 [6, 7, 50, 58]
var0_6 [6, 7, 50, 58]
var0_7 [6, 7, 50, 58]
var0_8 [6, 7, 50, 58]
var1_0 [15, 51, 58, 100, 112, 114, 115, 116, 118, 124, 125]
var1_1 [15, 51, 58, 100, 112, 114, 115, 116, 118, 124, 125]
var1_2 [15, 51, 58, 100, 112, 114, 115, 116, 118, 124, 125]
var1_3 [15, 51, 58, 100, 112, 114, 115, 116, 118, 124, 125]
var1_4 [15, 51, 58, 100, 112, 114, 115, 116, 118, 124, 125]
var1_5 [15, 51, 58, 100, 112, 114, 115, 116, 118, 124, 125]
var1_6 [15, 51, 58, 100, 112, 114, 115, 116, 118, 124, 125]
var1_7 [15, 51, 58, 100, 112, 114, 115, 116, 118, 124, 125]
var1_8 [15, 51, 58, 100, 112, 114, 115, 116, 118, 124, 125]
var2_0 [18, 25, 26, 27, 29, 30, 51, 58]
var2_1 [18, 25, 26, 27, 29, 30, 51, 58]
var2_2 [18, 25, 26, 27, 29, 30, 51, 58]
var2_3 [18, 25, 26, 27, 29, 30, 51, 58]
var2_4 [18, 25, 26, 27, 29, 30, 51, 58]
var2_5 [18, 25, 26, 27, 29, 30, 51, 58]
var2_6 [18, 25, 26, 27, 29, 30, 51, 58]
var2_7 [18, 25, 26, 27, 29, 30, 51, 58]
var3_0 [50, 58, 64, 65, 67, 69, 76, 106, 107, 108]
var3_1 [50, 58, 64, 65, 67, 69, 76, 106, 107, 108]
var3_2 [50, 58, 64, 65, 67, 69, 76, 106, 107, 108]
var3_3 [50, 58, 64, 65, 67, 69, 76, 106, 107, 108]
var3_4 [50, 58, 64, 65, 67, 69, 76, 106, 107, 108]
var3_5 [50, 58, 64, 65, 67, 69, 76, 106, 107, 108]
var3_6 [50, 58, 64, 65, 67, 69, 76, 106, 107, 108]
var3_7 [50, 58, 64, 65, 67, 69, 76, 106, 107, 108]
var3_8 [50, 58, 64, 65, 67, 69, 76, 106, 107, 108]
var3_9 [50, 58, 64, 65, 67, 69, 76, 106, 107, 108]
var4_0 [37, 49]
var4_1 [37, 49]
var4_2 [37, 49]
var4_3 [37, 49]
var4_4 [37, 49]
var4_5 [37, 49]
var4_6 [37, 49]
var4_7 [37, 49]
var4_8 [37, 49]
var4_9 [37, 49]
var5_0 [37, 66, 68, 72, 74, 75]
var5_1 [37, 66, 68, 72, 74, 75]
var5_2 [37, 66, 68, 72, 74, 75]
var5_3 [37, 66, 68, 72, 74, 75]
var5_4 [37, 66, 68, 72, 74, 75]
var5_5 [37, 66, 68, 72, 74, 75]
var5_6 [37, 66, 68, 72, 74, 75]
var6_0 [37, 72, 93, 170]
var6_1 [37, 72, 93, 170]
var6_2 [37, 72, 93, 170]
var6_3 [37, 72, 93, 170]
var6_4 [37, 72, 93, 170]
var6_5 [37, 72, 93, 170]
var6_6 [37, 72, 93, 170]
var0_0 [6, 7, 50, 58]
var0_1 [6, 7, 50, 58]
var0_2 [6, 7, 50, 58]
var0_3 [6, 7, 50, 58]
var0_4 [6, 7, 50, 58]
var0_5 [6, 7, 50, 58]
var0_6 [6, 7, 50, 58]
var0_7 [6, 7, 50, 58]
var0_8 [6, 7, 50, 58]
var1_0 [15, 51, 58, 100, 112, 114, 115, 116, 118, 124, 125]
var1_1 [15, 51, 58, 100, 112, 114, 115, 116, 118, 124, 125]
var1_2 [15, 51, 58, 100, 112, 114, 115, 116, 118, 124, 125]
var1_3 [15, 51, 58, 100, 112, 114, 115, 116, 118, 124, 125]
var1_4 [15, 51, 58, 100, 112, 114, 115, 116, 118, 124, 125]
var1_5 [15, 51, 58, 100, 112, 114, 115, 116, 118, 124, 125]
var1_6 [15, 51, 58, 100, 112, 114, 115, 116, 118, 124, 125]
var1_7 [15, 51, 58, 100, 112, 114, 115, 116, 118, 124, 125]
var1_8 [15, 51, 58, 100, 112, 114, 115, 116, 118, 124, 125]
var2_0 [18, 25, 26, 27, 29, 30, 51, 58]
var2_1 [18, 25, 26, 27, 29, 30, 51, 58]
var2_2 [18, 25, 26, 27, 29, 30, 51, 58]
var2_3 [18, 25, 26, 27, 29, 30, 51, 58]
var2_4 [18, 25, 26, 27, 29, 30, 51, 58]
var2_5 [18, 25, 26, 27, 29, 30, 51, 58]
var2_6 [18, 25, 26, 27, 29, 30, 51, 58]
var2_7 [18, 25, 26, 27, 29, 30, 51, 58]
var3_0 [50, 58, 64, 65, 67, 69, 76, 106, 107, 108]
var3_1 [50, 58, 64, 65, 67, 69, 76, 106, 107, 108]
var3_2 [50, 58, 64, 65, 67, 69, 76, 106, 107, 108]
var3_3 [50, 58, 64, 65, 67, 69, 76, 106, 107, 108]
var3_4 [50, 58, 64, 65, 67, 69, 76, 106, 107, 108]
var3_5 [50, 58, 64, 65, 67, 69, 76, 106, 107, 108]
var3_6 [50, 58, 64, 65, 67, 69, 76, 106, 107, 108]
var3_7 [50, 58, 64, 65, 67, 69, 76, 106, 107, 108]
var3_8 [50, 58, 64, 65, 67, 69, 76, 106, 107, 108]
var3_9 [50, 58, 64, 65, 67, 69, 76, 106, 107, 108]
var4_0 [37, 49]
var4_1 [37, 49]
var4_2 [37, 49]
var4_3 [37, 49]
var4_4 [37, 49]
var4_5 [37, 49]
var4_6 [37, 49]
var4_7 [37, 49]
var4_8 [37, 49]
var4_9 [37, 49]
var5_0 [37, 66, 68, 72, 74, 75]
var5_1 [37, 66, 68, 72, 74, 75]
var5_2 [37, 66, 68, 72, 74, 75]
var5_3 [37, 66, 68, 72, 74, 75]
var5_4 [37, 66, 68, 72, 74, 75]
var5_5 [37, 66, 68, 72, 74, 75]
var5_6 [37, 66, 68, 72, 74, 75]
var6_0 [37, 72, 93, 170]
var6_1 [37, 72, 93, 170]
var6_2 [37, 72, 93, 170]
var6_3 [37, 72, 93, 170]
var6_4 [37, 72, 93, 170]
var6_5 [37, 72, 93, 170]
var6_6 [37, 72, 93, 170]
var0_0 [4, 6, 7, 15, 51, 58]
var0_1 [4, 6, 7, 15, 51, 58]
var0_2 [4, 6, 7, 15, 51, 58]
var0_3 [4, 6, 7, 15, 51, 58]
var0_4 [4, 6, 7, 15, 51, 58]
var0_5 [4, 6, 7, 15, 51, 58]
var0_6 [4, 6, 7, 15, 51, 58]
var1_0 [18, 23, 51, 58, 75]
var1_1 [18, 23, 51, 58, 75]
var1_2 [18, 23, 51, 58, 75]
var1_3 [18, 23, 51, 58, 75]
var1_4 [18, 23, 51, 58, 75]
var1_5 [18, 23, 51, 58, 75]
var1_6 [18, 23, 51, 58, 75]
var1_7 [18, 23, 51, 58, 75]
var1_8 [18, 23, 51, 58, 75]
var2_0 [16, 50, 58, 70, 75]
var2_1 [16, 50, 58, 70, 75]
var2_2 [16, 50, 58, 70, 75]
var2_3 [16, 50, 58, 70, 75]
var2_4 [16, 50, 58, 70, 75]
var2_5 [16, 50, 58, 70, 75]
var3_0 [49, 66, 68]
var3_1 [49, 66, 68]
var3_2 [49, 66, 68]
var3_3 [49, 66, 68]
var4_0 [49, 104, 124, 167]
var4_1 [49, 104, 124, 167]
var4_2 [49, 104, 124, 167]
var4_3 [49, 104, 124, 167]
var0_0 [4, 6, 7, 15, 51, 58]
var0_1 [4, 6, 7, 15, 51, 58]
var0_2 [4, 6, 7, 15, 51, 58]
var0_3 [4, 6, 7, 15, 51, 58]
var0_4 [4, 6, 7, 15, 51, 58]
var0_5 [4, 6, 7, 15, 51, 58]
var0_6 [4, 6, 7, 15, 51, 58]
var1_0 [18, 23, 51, 58, 75]
var1_1 [18, 23, 51, 58, 75]
var1_2 [18, 23, 51, 58, 75]
var1_3 [18, 23, 51, 58, 75]
var1_4 [18, 23, 51, 58, 75]
var1_5 [18, 23, 51, 58, 75]
var1_6 [18, 23, 51, 58, 75]
var1_7 [18, 23, 51, 58, 75]
var1_8 [18, 23, 51, 58, 75]
var2_0 [16, 50, 58, 70, 75]
var2_1 [16, 50, 58, 70, 75]
var2_2 [16, 50, 58, 70, 75]
var2_3 [16, 50, 58, 70, 75]
var2_4 [16, 50, 58, 70, 75]
var2_5 [16, 50, 58, 70, 75]
var3_0 [49, 66, 68]
var3_1 [49, 66, 68]
var3_2 [49, 66, 68]
var3_3 [49, 66, 68]
var4_0 [49, 104, 124, 167]
var4_1 [49, 104, 124, 167]
var4_2 [49, 104, 124, 167]
var4_3 [49, 104, 124, 167]
var0_0 [6, 7, 37, 49]
var0_1 [6, 7, 37, 49]
var0_2 [6, 7, 37, 49]
var1_0 [16, 50, 58, 66, 75]
var1_1 [16, 50, 58, 66, 75]
var1_2 [16, 50, 58, 66, 75]
var1_3 [16, 50, 58, 66, 75]
var2_0 [16, 50, 58, 65, 66, 67, 69, 78]
var2_1 [16, 50, 58, 65, 66, 67, 69, 78]
var2_2 [16, 50, 58, 65, 66, 67, 69, 78]
var2_3 [16, 50, 58, 65, 66, 67, 69, 78]
var0_0 [6, 7, 37, 49]
var0_1 [6, 7, 37, 49]
var0_2 [6, 7, 37, 49]
var1_0 [16, 50, 58, 66, 75]
var1_1 [16, 50, 58, 66, 75]
var1_2 [16, 50, 58, 66, 75]
var1_3 [16, 50, 58, 66, 75]
var2_0 [16, 50, 58, 65, 66, 67, 69, 78]
var2_1 [16, 50, 58, 65, 66, 67, 69, 78]
var2_2 [16, 50, 58, 65, 66, 67, 69, 78]
var2_3 [16, 50, 58, 65, 66, 67, 69, 78]
var0_0 [6, 7, 37, 49]
var0_1 [6, 7, 37, 49]
var0_2 [6, 7, 37, 49]
var1_0 [16, 50, 58, 66, 75]
var1_1 [16, 50, 58, 66, 75]
var1_2 [16, 50, 58, 66, 75]
var1_3 [16, 50, 58, 66, 75]
var2_0 [16, 50, 58, 65, 66, 67, 69, 78]
var2_1 [16, 50, 58, 65, 66, 67, 69, 78]
var2_2 [16, 50, 58, 65, 66, 67, 69, 78]
var2_3 [16, 50, 58, 65, 66, 67, 69, 78]
var0_0 [6, 7, 37, 49]
var0_1 [6, 7, 37, 49]
var0_2 [6, 7, 37, 49]
var1_0 [16, 50, 58, 66, 75]
var1_1 [16, 50, 58, 66, 75]
var1_2 [16, 50, 58, 66, 75]
var1_3 [16, 50, 58, 66, 75]
var2_0 [16, 50, 58, 65, 66, 67, 69, 78]
var2_1 [16, 50, 58, 65, 66, 67, 69, 78]
var2_2 [16, 50, 58, 65, 66, 67, 69, 78]
var2_3 [16, 50, 58, 65, 66, 67, 69, 78]
var0_0 [4, 6, 7, 15, 51, 58]
var0_1 [4, 6, 7, 15, 51, 58]
var0_2 [4, 6, 7, 15, 51, 58]
var0_3 [4, 6, 7, 15, 51, 58]
var0_4 [4, 6, 7, 15, 51, 58]
var0_5 [4, 6, 7, 15, 51, 58]
var0_6 [4, 6, 7, 15, 51, 58]
var1_0 [18, 23, 51, 58, 75]
var1_1 [18, 23, 51, 58, 75]
var1_2 [18, 23, 51, 58, 75]
var1_3 [18, 23, 51, 58, 75]
var1_4 [18, 23, 51, 58, 75]
var1_5 [18, 23, 51, 58, 75]
var1_6 [18, 23, 51, 58, 75]
var1_7 [18, 23, 51, 58, 75]
var1_8 [18, 23, 51, 58, 75]
var2_0 [16, 50, 58, 70, 75]
var2_1 [16, 50, 58, 70, 75]
var2_2 [16, 50, 58, 70, 75]
var2_3 [16, 50, 58, 70, 75]
var2_4 [16, 50, 58, 70, 75]
var2_5 [16, 50, 58, 70, 75]
var3_0 [49, 66, 68]
var3_1 [49, 66, 68]
var3_2 [49, 66, 68]
var3_3 [49, 66, 68]
var4_0 [49, 104, 124, 167]
var4_1 [49, 104, 124, 167]
var4_2 [49, 104, 124, 167]
var4_3 [49, 104, 124, 167]
var0_0 [4, 6, 7, 15, 51, 58]
var0_1 [4, 6, 7, 15, 51, 58]
var0_2 [4, 6, 7, 15, 51, 58]
var0_3 [4, 6, 7, 15, 51, 58]
var0_4 [4, 6, 7, 15, 51, 58]
var0_5 [4, 6, 7, 15, 51, 58]
var0_6 [4, 6, 7, 15, 51, 58]
var1_0 [18, 23, 51, 58, 75]
var1_1 [18, 23, 51, 58, 75]
var1_2 [18, 23, 51, 58, 75]
var1_3 [18, 23, 51, 58, 75]
var1_4 [18, 23, 51, 58, 75]
var1_5 [18, 23, 51, 58, 75]
var1_6 [18, 23, 51, 58, 75]
var1_7 [18, 23, 51, 58, 75]
var1_8 [18, 23, 51, 58, 75]
var2_0 [16, 50, 58, 70, 75]
var2_1 [16, 50, 58, 70, 75]
var2_2 [16, 50, 58, 70, 75]
var2_3 [16, 50, 58, 70, 75]
var2_4 [16, 50, 58, 70, 75]
var2_5 [16, 50, 58, 70, 75]
var3_0 [49, 66, 68]
var3_1 [49, 66, 68]
var3_2 [49, 66, 68]
var3_3 [49, 66, 68]
var4_0 [49, 104, 124, 167]
var4_1 [49, 104, 124, 167]
var4_2 [49, 104, 124, 167]
var4_3 [49, 104, 124, 167]
var0_0 [6, 7, 50, 58]
var0_1 [6, 7, 50, 58]
var0_2 [6, 7, 50, 58]
var0_3 [6, 7, 50, 58]
var0_4 [6, 7, 50, 58]
var0_5 [6, 7, 50, 58]
var0_6 [6, 7, 50, 58]
var0_7 [6, 7, 50, 58]
var0_8 [6, 7, 50, 58]
var1_0 [15, 51, 58, 100, 112, 114, 115, 116, 118, 124, 125]
var1_1 [15, 51, 58, 100, 112, 114, 115, 116, 118, 124, 125]
var1_2 [15, 51, 58, 100, 112, 114, 115, 116, 118, 124, 125]
var1_3 [15, 51, 58, 100, 112, 114, 115, 116, 118, 124, 125]
var1_4 [15, 51, 58, 100, 112, 114, 115, 116, 118, 124, 125]
var1_5 [15, 51, 58, 100, 112, 114, 115, 116, 118, 124, 125]
var1_6 [15, 51, 58, 100, 112, 114, 115, 116, 118, 124, 125]
var1_7 [15, 51, 58, 100, 112, 114, 115, 116, 118, 124, 125]
var1_8 [15, 51, 58, 100, 112, 114, 115, 116, 118, 124, 125]
var2_0 [18, 25, 26, 27, 29, 30, 51, 58]
var2_1 [18, 25, 26, 27, 29, 30, 51, 58]
var2_2 [18, 25, 26, 27, 29, 30, 51, 58]
var2_3 [18, 25, 26, 27, 29, 30, 51, 58]
var2_4 [18, 25, 26, 27, 29, 30, 51, 58]
var2_5 [18, 25, 26, 27, 29, 30, 51, 58]
var2_6 [18, 25, 26, 27, 29, 30, 51, 58]
var2_7 [18, 25, 26, 27, 29, 30, 51, 58]
var3_0 [50, 58, 64, 65, 67, 69, 76, 106, 107, 108]
var3_1 [50, 58, 64, 65, 67, 69, 76, 106, 107, 108]
var3_2 [50, 58, 64, 65, 67, 69, 76, 106, 107, 108]
var3_3 [50, 58, 64, 65, 67, 69, 76, 106, 107, 108]
var3_4 [50, 58, 64, 65, 67, 69, 76, 106, 107, 108]
var3_5 [50, 58, 64, 65, 67, 69, 76, 106, 107, 108]
var3_6 [50, 58, 64, 65, 67, 69, 76, 106, 107, 108]
var3_7 [50, 58, 64, 65, 67, 69, 76, 106, 107, 108]
var3_8 [50, 58, 64, 65, 67, 69, 76, 106, 107, 108]
var3_9 [50, 58, 64, 65, 67, 69, 76, 106, 107, 108]
var4_0 [37, 49]
var4_1 [37, 49]
var4_2 [37, 49]
var4_3 [37, 49]
var4_4 [37, 49]
var4_5 [37, 49]
var4_6 [37, 49]
var4_7 [37, 49]
var4_8 [37, 49]
var4_9 [37, 49]
var5_0 [37, 66, 68, 72, 74, 75]
var5_1 [37, 66, 68, 72, 74, 75]
var5_2 [37, 66, 68, 72, 74, 75]
var5_3 [37, 66, 68, 72, 74, 75]
var5_4 [37, 66, 68, 72, 74, 75]
var5_5 [37, 66, 68, 72, 74, 75]
var5_6 [37, 66, 68, 72, 74, 75]
var6_0 [37, 72, 93, 170]
var6_1 [37, 72, 93, 170]
var6_2 [37, 72, 93, 170]
var6_3 [37, 72, 93, 170]
var6_4 [37, 72, 93, 170]
var6_5 [37, 72, 93, 170]
var6_6 [37, 72, 93, 170]
var0_0 [6, 7, 50, 58]
var0_1 [6, 7, 50, 58]
var0_2 [6, 7, 50, 58]
var0_3 [6, 7, 50, 58]
var0_4 [6, 7, 50, 58]
var0_5 [6, 7, 50, 58]
var0_6 [6, 7, 50, 58]
var0_7 [6, 7, 50, 58]
var0_8 [6, 7, 50, 58]
var1_0 [15, 51, 58, 100, 112, 114, 115, 116, 118, 124, 125]
var1_1 [15, 51, 58, 100, 112, 114, 115, 116, 118, 124, 125]
var1_2 [15, 51, 58, 100, 112, 114, 115, 116, 118, 124, 125]
var1_3 [15, 51, 58, 100, 112, 114, 115, 116, 118, 124, 125]
var1_4 [15, 51, 58, 100, 112, 114, 115, 116, 118, 124, 125]
var1_5 [15, 51, 58, 100, 112, 114, 115, 116, 118, 124, 125]
var1_6 [15, 51, 58, 100, 112, 114, 115, 116, 118, 124, 125]
var1_7 [15, 51, 58, 100, 112, 114, 115, 116, 118, 124, 125]
var1_8 [15, 51, 58, 100, 112, 114, 115, 116, 118, 124, 125]
var2_0 [18, 25, 26, 27, 29, 30, 51, 58]
var2_1 [18, 25, 26, 27, 29, 30, 51, 58]
var2_2 [18, 25, 26, 27, 29, 30, 51, 58]
var2_3 [18, 25, 26, 27, 29, 30, 51, 58]
var2_4 [18, 25, 26, 27, 29, 30, 51, 58]
var2_5 [18, 25, 26, 27, 29, 30, 51, 58]
var2_6 [18, 25, 26, 27, 29, 30, 51, 58]
var2_7 [18, 25, 26, 27, 29, 30, 51, 58]
var3_0 [50, 58, 64, 65, 67, 69, 76, 106, 107, 108]
var3_1 [50, 58, 64, 65, 67, 69, 76, 106, 107, 108]
var3_2 [50, 58, 64, 65, 67, 69, 76, 106, 107, 108]
var3_3 [50, 58, 64, 65, 67, 69, 76, 106, 107, 108]
var3_4 [50, 58, 64, 65, 67, 69, 76, 106, 107, 108]
var3_5 [50, 58, 64, 65, 67, 69, 76, 106, 107, 108]
var3_6 [50, 58, 64, 65, 67, 69, 76, 106, 107, 108]
var3_7 [50, 58, 64, 65, 67, 69, 76, 106, 107, 108]
var3_8 [50, 58, 64, 65, 67, 69, 76, 106, 107, 108]
var3_9 [50, 58, 64, 65, 67, 69, 76, 106, 107, 108]
var4_0 [37, 49]
var4_1 [37, 49]
var4_2 [37, 49]
var4_3 [37, 49]
var4_4 [37, 49]
var4_5 [37, 49]
var4_6 [37, 49]
var4_7 [37, 49]
var4_8 [37, 49]
var4_9 [37, 49]
var5_0 [37, 66, 68, 72, 74, 75]
var5_1 [37, 66, 68, 72, 74, 75]
var5_2 [37, 66, 68, 72, 74, 75]
var5_3 [37, 66, 68, 72, 74, 75]
var5_4 [37, 66, 68, 72, 74, 75]
var5_5 [37, 66, 68, 72, 74, 75]
var5_6 [37, 66, 68, 72, 74, 75]
var6_0 [37, 72, 93, 170]
var6_1 [37, 72, 93, 170]
var6_2 [37, 72, 93, 170]
var6_3 [37, 72, 93, 170]
var6_4 [37, 72, 93, 170]
var6_5 [37, 72, 93, 170]
var6_6 [37, 72, 93, 170]
var0_0 [15, 51, 58]
var0_1 [15, 51, 58]
var0_2 [15, 51, 58]
var0_3 [15, 51, 58]
var0_4 [15, 51, 58]
var0_5 [15, 51, 58]
var0_6 [15, 51, 58]
var0_7 [15, 51, 58]
var1_0 [16, 37, 50, 58, 66, 75]
var1_1 [16, 37, 50, 58, 66, 75]
var1_2 [16, 37, 50, 58, 66, 75]
var1_3 [16, 37, 50, 58, 66, 75]
var1_4 [16, 37, 50, 58, 66, 75]
var1_5 [16, 37, 50, 58, 66, 75]
var1_6 [16, 37, 50, 58, 66, 75]
var1_7 [16, 37, 50, 58, 66, 75]
var1_8 [16, 37, 50, 58, 66, 75]
var1_9 [16, 37, 50, 58, 66, 75]
var1_10 [16, 37, 50, 58, 66, 75]
var1_11 [16, 37, 50, 58, 66, 75]
var1_12 [16, 37, 50, 58, 66, 75]
var1_13 [16, 37, 50, 58, 66, 75]
var1_14 [16, 37, 50, 58, 66, 75]
var1_15 [16, 37, 50, 58, 66, 75]
var1_16 [16, 37, 50, 58, 66, 75]
var1_17 [16, 37, 50, 58, 66, 75]
var1_18 [16, 37, 50, 58, 66, 75]
var1_19 [16, 37, 50, 58, 66, 75]
var1_20 [16, 37, 50, 58, 66, 75]
var1_21 [16, 37, 50, 58, 66, 75]
var1_22 [16, 37, 50, 58, 66, 75]
var1_23 [16, 37, 50, 58, 66, 75]
var1_24 [16, 37, 50, 58, 66, 75]
var1_25 [16, 37, 50, 58, 66, 75]
var1_26 [16, 37, 50, 58, 66, 75]
var1_27 [16, 37, 50, 58, 66, 75]
var1_28 [16, 37, 50, 58, 66, 75]
var1_29 [16, 37, 50, 58, 66, 75]
var1_30 [16, 37, 50, 58, 66, 75]
var1_31 [16, 37, 50, 58, 66, 75]
var1_32 [16, 37, 50, 58, 66, 75]
var1_33 [16, 37, 50, 58, 66, 75]
var1_34 [16, 37, 50, 58, 66, 75]
var1_35 [16, 37, 50, 58, 66, 75]
var1_36 [16, 37, 50, 58, 66, 75]
var1_37 [16, 37, 50, 58, 66, 75]
var1_38 [16, 37, 50, 58, 66, 75]
var1_39 [16, 37, 50, 58, 66, 75]
var1_40 [16, 37, 50, 58, 66, 75]
var1_41 [16, 37, 50, 58, 66, 75]
var1_42 [16, 37, 50, 58, 66, 75]
var1_43 [16, 37, 50, 58, 66, 75]
var1_44 [16, 37, 50, 58, 66, 75]
var1_45 [16, 37, 50, 58, 66, 75]
var1_46 [16, 37, 50, 58, 66, 75]
var1_47 [16, 37, 50, 58, 66, 75]
var1_48 [16, 37, 50, 58, 66, 75]
var1_49 [16, 37, 50, 58, 66, 75]
var1_50 [16, 37, 50, 58, 66, 75]
var1_51 [16, 37, 50, 58, 66, 75]
var1_52 [16, 37, 50, 58, 66, 75]
var1_53 [16, 37, 50, 58, 66, 75]
var1_54 [16, 37, 50, 58, 66, 75]
var1_55 [16, 37, 50, 58, 66, 75]
var2_0 [16, 50, 58, 66, 78]
var2_1 [16, 50, 58, 66, 78]
var2_2 [16, 50, 58, 66, 78]
var2_3 [16, 50, 58, 66, 78]
var2_4 [16, 50, 58, 66, 78]
var2_5 [16, 50, 58, 66, 78]
var2_6 [16, 50, 58, 66, 78]
var2_7 [16, 50, 58, 66, 78]
var2_8 [16, 50, 58, 66, 78]
var2_9 [16, 50, 58, 66, 78]
var2_10 [16, 50, 58, 66, 78]
var2_11 [16, 50, 58, 66, 78]
var2_12 [16, 50, 58, 66, 78]
var2_13 [16, 50, 58, 66, 78]
var3_0 [18, 25, 26, 27, 29, 30, 51, 58]
var3_1 [18, 25, 26, 27, 29, 30, 51, 58]
var3_2 [18, 25, 26, 27, 29, 30, 51, 58]
var3_3 [18, 25, 26, 27, 29, 30, 51, 58]
var3_4 [18, 25, 26, 27, 29, 30, 51, 58]
var3_5 [18, 25, 26, 27, 29, 30, 51, 58]
var3_6 [18, 25, 26, 27, 29, 30, 51, 58]
var3_7 [18, 25, 26, 27, 29, 30, 51, 58]
var4_0 [37, 72, 93, 170]
var4_1 [37, 72, 93, 170]
var4_2 [37, 72, 93, 170]
var4_3 [37, 72, 93, 170]
var4_4 [37, 72, 93, 170]
var5_0 [49, 66, 68]
var5_1 [49, 66, 68]
var5_2 [49, 66, 68]
var5_3 [49, 66, 68]
var5_4 [49, 66, 68]
var5_5 [49, 66, 68]
var5_6 [49, 66, 68]
var5_7 [49, 66, 68]
var5_8 [49, 66, 68]
var5_9 [49, 66, 68]
var5_10 [49, 66, 68]
var5_11 [49, 66, 68]
var6_0 [49, 104, 124, 167]
var6_1 [49, 104, 124, 167]
var6_2 [49, 104, 124, 167]
var6_3 [49, 104, 124, 167]
var0_0 [15, 51, 58]
var0_1 [15, 51, 58]
var0_2 [15, 51, 58]
var0_3 [15, 51, 58]
var0_4 [15, 51, 58]
var0_5 [15, 51, 58]
var0_6 [15, 51, 58]
var0_7 [15, 51, 58]
var1_0 [16, 37, 50, 58, 66, 75]
var1_1 [16, 37, 50, 58, 66, 75]
var1_2 [16, 37, 50, 58, 66, 75]
var1_3 [16, 37, 50, 58, 66, 75]
var1_4 [16, 37, 50, 58, 66, 75]
var1_5 [16, 37, 50, 58, 66, 75]
var1_6 [16, 37, 50, 58, 66, 75]
var1_7 [16, 37, 50, 58, 66, 75]
var1_8 [16, 37, 50, 58, 66, 75]
var1_9 [16, 37, 50, 58, 66, 75]
var1_10 [16, 37, 50, 58, 66, 75]
var1_11 [16, 37, 50, 58, 66, 75]
var1_12 [16, 37, 50, 58, 66, 75]
var1_13 [16, 37, 50, 58, 66, 75]
var1_14 [16, 37, 50, 58, 66, 75]
var1_15 [16, 37, 50, 58, 66, 75]
var1_16 [16, 37, 50, 58, 66, 75]
var1_17 [16, 37, 50, 58, 66, 75]
var1_18 [16, 37, 50, 58, 66, 75]
var1_19 [16, 37, 50, 58, 66, 75]
var1_20 [16, 37, 50, 58, 66, 75]
var1_21 [16, 37, 50, 58, 66, 75]
var1_22 [16, 37, 50, 58, 66, 75]
var1_23 [16, 37, 50, 58, 66, 75]
var1_24 [16, 37, 50, 58, 66, 75]
var1_25 [16, 37, 50, 58, 66, 75]
var1_26 [16, 37, 50, 58, 66, 75]
var1_27 [16, 37, 50, 58, 66, 75]
var1_28 [16, 37, 50, 58, 66, 75]
var1_29 [16, 37, 50, 58, 66, 75]
var1_30 [16, 37, 50, 58, 66, 75]
var1_31 [16, 37, 50, 58, 66, 75]
var1_32 [16, 37, 50, 58, 66, 75]
var1_33 [16, 37, 50, 58, 66, 75]
var1_34 [16, 37, 50, 58, 66, 75]
var1_35 [16, 37, 50, 58, 66, 75]
var1_36 [16, 37, 50, 58, 66, 75]
var1_37 [16, 37, 50, 58, 66, 75]
var1_38 [16, 37, 50, 58, 66, 75]
var1_39 [16, 37, 50, 58, 66, 75]
var1_40 [16, 37, 50, 58, 66, 75]
var1_41 [16, 37, 50, 58, 66, 75]
var1_42 [16, 37, 50, 58, 66, 75]
var1_43 [16, 37, 50, 58, 66, 75]
var1_44 [16, 37, 50, 58, 66, 75]
var1_45 [16, 37, 50, 58, 66, 75]
var1_46 [16, 37, 50, 58, 66, 75]
var1_47 [16, 37, 50, 58, 66, 75]
var1_48 [16, 37, 50, 58, 66, 75]
var1_49 [16, 37, 50, 58, 66, 75]
var1_50 [16, 37, 50, 58, 66, 75]
var1_51 [16, 37, 50, 58, 66, 75]
var1_52 [16, 37, 50, 58, 66, 75]
var1_53 [16, 37, 50, 58, 66, 75]
var1_54 [16, 37, 50, 58, 66, 75]
var1_55 [16, 37, 50, 58, 66, 75]
var2_0 [16, 50, 58, 66, 78]
var2_1 [16, 50, 58, 66, 78]
var2_2 [16, 50, 58, 66, 78]
var2_3 [16, 50, 58, 66, 78]
var2_4 [16, 50, 58, 66, 78]
var2_5 [16, 50, 58, 66, 78]
var2_6 [16, 50, 58, 66, 78]
var2_7 [16, 50, 58, 66, 78]
var2_8 [16, 50, 58, 66, 78]
var2_9 [16, 50, 58, 66, 78]
var2_10 [16, 50, 58, 66, 78]
var2_11 [16, 50, 58, 66, 78]
var2_12 [16, 50, 58, 66, 78]
var2_13 [16, 50, 58, 66, 78]
var3_0 [18, 25, 26, 27, 29, 30, 51, 58]
var3_1 [18, 25, 26, 27, 29, 30, 51, 58]
var3_2 [18, 25, 26, 27, 29, 30, 51, 58]
var3_3 [18, 25, 26, 27, 29, 30, 51, 58]
var3_4 [18, 25, 26, 27, 29, 30, 51, 58]
var3_5 [18, 25, 26, 27, 29, 30, 51, 58]
var3_6 [18, 25, 26, 27, 29, 30, 51, 58]
var3_7 [18, 25, 26, 27, 29, 30, 51, 58]
var4_0 [37, 72, 93, 170]
var4_1 [37, 72, 93, 170]
var4_2 [37, 72, 93, 170]
var4_3 [37, 72, 93, 170]
var4_4 [37, 72, 93, 170]
var5_0 [49, 66, 68]
var5_1 [49, 66, 68]
var5_2 [49, 66, 68]
var5_3 [49, 66, 68]
var5_4 [49, 66, 68]
var5_5 [49, 66, 68]
var5_6 [49, 66, 68]
var5_7 [49, 66, 68]
var5_8 [49, 66, 68]
var5_9 [49, 66, 68]
var5_10 [49, 66, 68]
var5_11 [49, 66, 68]
var6_0 [49, 104, 124, 167]
var6_1 [49, 104, 124, 167]
var6_2 [49, 104, 124, 167]
var6_3 [49, 104, 124, 167]
var7_0 [152, 153]
var7_1 [152, 153]
var7_2 [152, 153]
var7_3 [152, 153]
var7_4 [152, 153]
var7_5 [152, 153]
var7_6 [152, 153]
var7_7 [152, 153]
var7_8 [152, 153]
var7_9 [152, 153]
var7_10 [152, 153]
var7_11 [152, 153]
var7_12 [152, 153]
var7_13 [152, 153]
var7_14 [152, 153]
var7_15 [152, 153]
var7_16 [152, 153]
var7_17 [152, 153]
var7_18 [152, 153]
var7_19 [152, 153]
var7_20 [152, 153]
var7_21 [152, 153]
var7_22 [152, 153]
var7_23 [152, 153]
var7_24 [152, 153]
var0_0 [16, 50, 58, 66, 75]
var0_1 [16, 50, 58, 66, 75]
var0_2 [16, 50, 58, 66, 75]
var0_3 [16, 50, 58, 66, 75]
var0_4 [16, 50, 58, 66, 75]
var0_5 [16, 50, 58, 66, 75]
var0_6 [16, 50, 58, 66, 75]
var0_7 [16, 50, 58, 66, 75]
var0_8 [16, 50, 58, 66, 75]
var0_9 [16, 50, 58, 66, 75]
var0_10 [16, 50, 58, 66, 75]
var0_11 [16, 50, 58, 66, 75]
var0_12 [16, 50, 58, 66, 75]
var0_13 [16, 50, 58, 66, 75]
var1_0 [16, 50, 58, 66, 78]
var1_1 [16, 50, 58, 66, 78]
var1_2 [16, 50, 58, 66, 78]
var1_3 [16, 50, 58, 66, 78]
var1_4 [16, 50, 58, 66, 78]
var1_5 [16, 50, 58, 66, 78]
var1_6 [16, 50, 58, 66, 78]
var1_7 [16, 50, 58, 66, 78]
var1_8 [16, 50, 58, 66, 78]
var1_9 [16, 50, 58, 66, 78]
var1_10 [16, 50, 58, 66, 78]
var1_11 [16, 50, 58, 66, 78]
var1_12 [16, 50, 58, 66, 78]
var1_13 [16, 50, 58, 66, 78]
var2_0 [18, 25, 26, 27, 29, 30, 51, 58]
var2_1 [18, 25, 26, 27, 29, 30, 51, 58]
var2_2 [18, 25, 26, 27, 29, 30, 51, 58]
var2_3 [18, 25, 26, 27, 29, 30, 51, 58]
var2_4 [18, 25, 26, 27, 29, 30, 51, 58]
var3_0 [49, 66, 68]
var3_1 [49, 66, 68]
var3_2 [49, 66, 68]
var3_3 [49, 66, 68]
var3_4 [49, 66, 68]
var3_5 [49, 66, 68]
var3_6 [49, 66, 68]
var3_7 [49, 66, 68]
var3_8 [49, 66, 68]
var3_9 [49, 66, 68]
var3_10 [49, 66, 68]
var3_11 [49, 66, 68]
var4_0 [49, 104, 124, 167]
var4_1 [49, 104, 124, 167]
var4_2 [49, 104, 124, 167]
var4_3 [49, 104, 124, 167]
var5_0 [37, 72, 93, 170]
var5_1 [37, 72, 93, 170]
var0_0 [16, 50, 58, 66, 75]
var0_1 [16, 50, 58, 66, 75]
var0_2 [16, 50, 58, 66, 75]
var0_3 [16, 50, 58, 66, 75]
var0_4 [16, 50, 58, 66, 75]
var0_5 [16, 50, 58, 66, 75]
var0_6 [16, 50, 58, 66, 75]
var0_7 [16, 50, 58, 66, 75]
var0_8 [16, 50, 58, 66, 75]
var0_9 [16, 50, 58, 66, 75]
var0_10 [16, 50, 58, 66, 75]
var0_11 [16, 50, 58, 66, 75]
var0_12 [16, 50, 58, 66, 75]
var0_13 [16, 50, 58, 66, 75]
var1_0 [16, 50, 58, 66, 78]
var1_1 [16, 50, 58, 66, 78]
var1_2 [16, 50, 58, 66, 78]
var1_3 [16, 50, 58, 66, 78]
var1_4 [16, 50, 58, 66, 78]
var1_5 [16, 50, 58, 66, 78]
var1_6 [16, 50, 58, 66, 78]
var1_7 [16, 50, 58, 66, 78]
var1_8 [16, 50, 58, 66, 78]
var1_9 [16, 50, 58, 66, 78]
var1_10 [16, 50, 58, 66, 78]
var1_11 [16, 50, 58, 66, 78]
var1_12 [16, 50, 58, 66, 78]
var1_13 [16, 50, 58, 66, 78]
var2_0 [18, 25, 26, 27, 29, 30, 51, 58]
var2_1 [18, 25, 26, 27, 29, 30, 51, 58]
var2_2 [18, 25, 26, 27, 29, 30, 51, 58]
var2_3 [18, 25, 26, 27, 29, 30, 51, 58]
var2_4 [18, 25, 26, 27, 29, 30, 51, 58]
var3_0 [49, 66, 68]
var3_1 [49, 66, 68]
var3_2 [49, 66, 68]
var3_3 [49, 66, 68]
var3_4 [49, 66, 68]
var3_5 [49, 66, 68]
var3_6 [49, 66, 68]
var3_7 [49, 66, 68]
var3_8 [49, 66, 68]
var3_9 [49, 66, 68]
var3_10 [49, 66, 68]
var3_11 [49, 66, 68]
var4_0 [49, 104, 124, 167]
var4_1 [49, 104, 124, 167]
var4_2 [49, 104, 124, 167]
var4_3 [49, 104, 124, 167]
var5_0 [37, 72, 93, 170]
var5_1 [37, 72, 93, 170]
var0_0 [16, 50, 58, 66, 75]
var0_1 [16, 50, 58, 66, 75]
var0_2 [16, 50, 58, 66, 75]
var0_3 [16, 50, 58, 66, 75]
var0_4 [16, 50, 58, 66, 75]
var0_5 [16, 50, 58, 66, 75]
var0_6 [16, 50, 58, 66, 75]
var0_7 [16, 50, 58, 66, 75]
var0_8 [16, 50, 58, 66, 75]
var0_9 [16, 50, 58, 66, 75]
var0_10 [16, 50, 58, 66, 75]
var0_11 [16, 50, 58, 66, 75]
var0_12 [16, 50, 58, 66, 75]
var0_13 [16, 50, 58, 66, 75]
var1_0 [16, 50, 58, 66, 78]
var1_1 [16, 50, 58, 66, 78]
var1_2 [16, 50, 58, 66, 78]
var1_3 [16, 50, 58, 66, 78]
var1_4 [16, 50, 58, 66, 78]
var1_5 [16, 50, 58, 66, 78]
var1_6 [16, 50, 58, 66, 78]
var1_7 [16, 50, 58, 66, 78]
var1_8 [16, 50, 58, 66, 78]
var1_9 [16, 50, 58, 66, 78]
var1_10 [16, 50, 58, 66, 78]
var1_11 [16, 50, 58, 66, 78]
var1_12 [16, 50, 58, 66, 78]
var1_13 [16, 50, 58, 66, 78]
var2_0 [18, 25, 26, 27, 29, 30, 51, 58]
var2_1 [18, 25, 26, 27, 29, 30, 51, 58]
var2_2 [18, 25, 26, 27, 29, 30, 51, 58]
var2_3 [18, 25, 26, 27, 29, 30, 51, 58]
var2_4 [18, 25, 26, 27, 29, 30, 51, 58]
var3_0 [49, 66, 68]
var3_1 [49, 66, 68]
var3_2 [49, 66, 68]
var3_3 [49, 66, 68]
var3_4 [49, 66, 68]
var3_5 [49, 66, 68]
var3_6 [49, 66, 68]
var3_7 [49, 66, 68]
var3_8 [49, 66, 68]
var3_9 [49, 66, 68]
var3_10 [49, 66, 68]
var3_11 [49, 66, 68]
var4_0 [49, 104, 124, 167]
var4_1 [49, 104, 124, 167]
var4_2 [49, 104, 124, 167]
var4_3 [49, 104, 124, 167]
var5_0 [37, 72, 93, 170]
var5_1 [37, 72, 93, 170]
var0_0 [16, 50, 58, 66, 75]
var0_1 [16, 50, 58, 66, 75]
var0_2 [16, 50, 58, 66, 75]
var0_3 [16, 50, 58, 66, 75]
var0_4 [16, 50, 58, 66, 75]
var0_5 [16, 50, 58, 66, 75]
var0_6 [16, 50, 58, 66, 75]
var0_7 [16, 50, 58, 66, 75]
var0_8 [16, 50, 58, 66, 75]
var0_9 [16, 50, 58, 66, 75]
var0_10 [16, 50, 58, 66, 75]
var0_11 [16, 50, 58, 66, 75]
var0_12 [16, 50, 58, 66, 75]
var0_13 [16, 50, 58, 66, 75]
var1_0 [16, 50, 58, 66, 78]
var1_1 [16, 50, 58, 66, 78]
var1_2 [16, 50, 58, 66, 78]
var1_3 [16, 50, 58, 66, 78]
var1_4 [16, 50, 58, 66, 78]
var1_5 [16, 50, 58, 66, 78]
var1_6 [16, 50, 58, 66, 78]
var1_7 [16, 50, 58, 66, 78]
var1_8 [16, 50, 58, 66, 78]
var1_9 [16, 50, 58, 66, 78]
var1_10 [16, 50, 58, 66, 78]
var1_11 [16, 50, 58, 66, 78]
var1_12 [16, 50, 58, 66, 78]
var1_13 [16, 50, 58, 66, 78]
var2_0 [18, 25, 26, 27, 29, 30, 51, 58]
var2_1 [18, 25, 26, 27, 29, 30, 51, 58]
var2_2 [18, 25, 26, 27, 29, 30, 51, 58]
var2_3 [18, 25, 26, 27, 29, 30, 51, 58]
var2_4 [18, 25, 26, 27, 29, 30, 51, 58]
var3_0 [49, 66, 68]
var3_1 [49, 66, 68]
var3_2 [49, 66, 68]
var3_3 [49, 66, 68]
var3_4 [49, 66, 68]
var3_5 [49, 66, 68]
var3_6 [49, 66, 68]
var3_7 [49, 66, 68]
var3_8 [49, 66, 68]
var3_9 [49, 66, 68]
var3_10 [49, 66, 68]
var3_11 [49, 66, 68]
var4_0 [49, 104, 124, 167]
var4_1 [49, 104, 124, 167]
var4_2 [49, 104, 124, 167]
var4_3 [49, 104, 124, 167]
var5_0 [37, 72, 93, 170]
var5_1 [37, 72, 93, 170]
var0_0 [16, 50, 58, 66, 75]
var0_1 [16, 50, 58, 66, 75]
var0_2 [16, 50, 58, 66, 75]
var0_3 [16, 50, 58, 66, 75]
var0_4 [16, 50, 58, 66, 75]
var0_5 [16, 50, 58, 66, 75]
var0_6 [16, 50, 58, 66, 75]
var0_7 [16, 50, 58, 66, 75]
var0_8 [16, 50, 58, 66, 75]
var0_9 [16, 50, 58, 66, 75]
var0_10 [16, 50, 58, 66, 75]
var0_11 [16, 50, 58, 66, 75]
var0_12 [16, 50, 58, 66, 75]
var0_13 [16, 50, 58, 66, 75]
var1_0 [16, 50, 58, 66, 78]
var1_1 [16, 50, 58, 66, 78]
var1_2 [16, 50, 58, 66, 78]
var1_3 [16, 50, 58, 66, 78]
var1_4 [16, 50, 58, 66, 78]
var1_5 [16, 50, 58, 66, 78]
var1_6 [16, 50, 58, 66, 78]
var1_7 [16, 50, 58, 66, 78]
var1_8 [16, 50, 58, 66, 78]
var1_9 [16, 50, 58, 66, 78]
var1_10 [16, 50, 58, 66, 78]
var1_11 [16, 50, 58, 66, 78]
var1_12 [16, 50, 58, 66, 78]
var1_13 [16, 50, 58, 66, 78]
var2_0 [18, 25, 26, 27, 29, 30, 51, 58]
var2_1 [18, 25, 26, 27, 29, 30, 51, 58]
var2_2 [18, 25, 26, 27, 29, 30, 51, 58]
var2_3 [18, 25, 26, 27, 29, 30, 51, 58]
var2_4 [18, 25, 26, 27, 29, 30, 51, 58]
var3_0 [49, 66, 68]
var3_1 [49, 66, 68]
var3_2 [49, 66, 68]
var3_3 [49, 66, 68]
var3_4 [49, 66, 68]
var3_5 [49, 66, 68]
var3_6 [49, 66, 68]
var3_7 [49, 66, 68]
var3_8 [49, 66, 68]
var3_9 [49, 66, 68]
var3_10 [49, 66, 68]
var3_11 [49, 66, 68]
var4_0 [49, 104, 124, 167]
var4_1 [49, 104, 124, 167]
var4_2 [49, 104, 124, 167]
var4_3 [49, 104, 124, 167]
var5_0 [37, 72, 93, 170]
var5_1 [37, 72, 93, 170]
var0_0 [16, 50, 58, 66, 75]
var0_1 [16, 50, 58, 66, 75]
var0_2 [16, 50, 58, 66, 75]
var0_3 [16, 50, 58, 66, 75]
var0_4 [16, 50, 58, 66, 75]
var0_5 [16, 50, 58, 66, 75]
var0_6 [16, 50, 58, 66, 75]
var0_7 [16, 50, 58, 66, 75]
var0_8 [16, 50, 58, 66, 75]
var0_9 [16, 50, 58, 66, 75]
var0_10 [16, 50, 58, 66, 75]
var0_11 [16, 50, 58, 66, 75]
var0_12 [16, 50, 58, 66, 75]
var0_13 [16, 50, 58, 66, 75]
var0_0 [16, 50, 58, 66, 75]
var0_1 [16, 50, 58, 66, 75]
var0_2 [16, 50, 58, 66, 75]
var0_3 [16, 50, 58, 66, 75]
var0_4 [16, 50, 58, 66, 75]
var0_5 [16, 50, 58, 66, 75]
var0_6 [16, 50, 58, 66, 75]
var0_7 [16, 50, 58, 66, 75]
var0_8 [16, 50, 58, 66, 75]
var0_9 [16, 50, 58, 66, 75]
var0_10 [16, 50, 58, 66, 75]
var0_11 [16, 50, 58, 66, 75]
var0_12 [16, 50, 58, 66, 75]
var0_13 [16, 50, 58, 66, 75]
var1_0 [16, 50, 58, 66, 78]
var1_1 [16, 50, 58, 66, 78]
var1_2 [16, 50, 58, 66, 78]
var1_3 [16, 50, 58, 66, 78]
var1_4 [16, 50, 58, 66, 78]
var1_5 [16, 50, 58, 66, 78]
var1_6 [16, 50, 58, 66, 78]
var1_7 [16, 50, 58, 66, 78]
var1_8 [16, 50, 58, 66, 78]
var1_9 [16, 50, 58, 66, 78]
var1_10 [16, 50, 58, 66, 78]
var1_11 [16, 50, 58, 66, 78]
var1_12 [16, 50, 58, 66, 78]
var1_13 [16, 50, 58, 66, 78]
var2_0 [18, 25, 26, 27, 29, 30, 51, 58]
var2_1 [18, 25, 26, 27, 29, 30, 51, 58]
var2_2 [18, 25, 26, 27, 29, 30, 51, 58]
var2_3 [18, 25, 26, 27, 29, 30, 51, 58]
var2_4 [18, 25, 26, 27, 29, 30, 51, 58]
var3_0 [49, 66, 68]
var3_1 [49, 66, 68]
var3_2 [49, 66, 68]
var3_3 [49, 66, 68]
var3_4 [49, 66, 68]
var3_5 [49, 66, 68]
var3_6 [49, 66, 68]
var3_7 [49, 66, 68]
var3_8 [49, 66, 68]
var3_9 [49, 66, 68]
var3_10 [49, 66, 68]
var3_11 [49, 66, 68]
var4_0 [49, 104, 124, 167]
var4_1 [49, 104, 124, 167]
var4_2 [49, 104, 124, 167]
var4_3 [49, 104, 124, 167]
var5_0 [37, 72, 93, 170]
var5_1 [37, 72, 93, 170]
var0_0 [16, 50, 58, 66, 75]
var0_1 [16, 50, 58, 66, 75]
var0_2 [16, 50, 58, 66, 75]
var0_3 [16, 50, 58, 66, 75]
var0_4 [16, 50, 58, 66, 75]
var0_5 [16, 50, 58, 66, 75]
var0_6 [16, 50, 58, 66, 75]
var0_7 [16, 50, 58, 66, 75]
var0_8 [16, 50, 58, 66, 75]
var0_9 [16, 50, 58, 66, 75]
var0_10 [16, 50, 58, 66, 75]
var0_11 [16, 50, 58, 66, 75]
var0_12 [16, 50, 58, 66, 75]
var0_13 [16, 50, 58, 66, 75]
var1_0 [16, 50, 58, 66, 78]
var1_1 [16, 50, 58, 66, 78]
var1_2 [16, 50, 58, 66, 78]
var1_3 [16, 50, 58, 66, 78]
var1_4 [16, 50, 58, 66, 78]
var1_5 [16, 50, 58, 66, 78]
var1_6 [16, 50, 58, 66, 78]
var1_7 [16, 50, 58, 66, 78]
var1_8 [16, 50, 58, 66, 78]
var1_9 [16, 50, 58, 66, 78]
var1_10 [16, 50, 58, 66, 78]
var1_11 [16, 50, 58, 66, 78]
var1_12 [16, 50, 58, 66, 78]
var1_13 [16, 50, 58, 66, 78]
var2_0 [18, 25, 26, 27, 29, 30, 51, 58]
var2_1 [18, 25, 26, 27, 29, 30, 51, 58]
var2_2 [18, 25, 26, 27, 29, 30, 51, 58]
var2_3 [18, 25, 26, 27, 29, 30, 51, 58]
var2_4 [18, 25, 26, 27, 29, 30, 51, 58]
var3_0 [49, 66, 68]
var3_1 [49, 66, 68]
var3_2 [49, 66, 68]
var3_3 [49, 66, 68]
var3_4 [49, 66, 68]
var3_5 [49, 66, 68]
var3_6 [49, 66, 68]
var3_7 [49, 66, 68]
var3_8 [49, 66, 68]
var3_9 [49, 66, 68]
var3_10 [49, 66, 68]
var3_11 [49, 66, 68]
var4_0 [49, 104, 124, 167]
var4_1 [49, 104, 124, 167]
var4_2 [49, 104, 124, 167]
var4_3 [49, 104, 124, 167]
var5_0 [37, 72, 93, 170]
var5_1 [37, 72, 93, 170]
var0_0 [16, 50, 58, 66, 75]
var0_1 [16, 50, 58, 66, 75]
var0_2 [16, 50, 58, 66, 75]
var0_3 [16, 50, 58, 66, 75]
var0_4 [16, 50, 58, 66, 75]
var0_5 [16, 50, 58, 66, 75]
var0_6 [16, 50, 58, 66, 75]
var0_7 [16, 50, 58, 66, 75]
var0_8 [16, 50, 58, 66, 75]
var0_9 [16, 50, 58, 66, 75]
var0_10 [16, 50, 58, 66, 75]
var0_11 [16, 50, 58, 66, 75]
var0_12 [16, 50, 58, 66, 75]
var0_13 [16, 50, 58, 66, 75]
var1_0 [16, 50, 58, 66, 78]
var1_1 [16, 50, 58, 66, 78]
var1_2 [16, 50, 58, 66, 78]
var1_3 [16, 50, 58, 66, 78]
var1_4 [16, 50, 58, 66, 78]
var1_5 [16, 50, 58, 66, 78]
var1_6 [16, 50, 58, 66, 78]
var1_7 [16, 50, 58, 66, 78]
var1_8 [16, 50, 58, 66, 78]
var1_9 [16, 50, 58, 66, 78]
var1_10 [16, 50, 58, 66, 78]
var1_11 [16, 50, 58, 66, 78]
var1_12 [16, 50, 58, 66, 78]
var1_13 [16, 50, 58, 66, 78]
var2_0 [18, 25, 26, 27, 29, 30, 51, 58]
var2_1 [18, 25, 26, 27, 29, 30, 51, 58]
var2_2 [18, 25, 26, 27, 29, 30, 51, 58]
var2_3 [18, 25, 26, 27, 29, 30, 51, 58]
var2_4 [18, 25, 26, 27, 29, 30, 51, 58]
var3_0 [49, 66, 68]
var3_1 [49, 66, 68]
var3_2 [49, 66, 68]
var3_3 [49, 66, 68]
var3_4 [49, 66, 68]
var3_5 [49, 66, 68]
var3_6 [49, 66, 68]
var3_7 [49, 66, 68]
var3_8 [49, 66, 68]
var3_9 [49, 66, 68]
var3_10 [49, 66, 68]
var3_11 [49, 66, 68]
var4_0 [49, 104, 124, 167]
var4_1 [49, 104, 124, 167]
var4_2 [49, 104, 124, 167]
var4_3 [49, 104, 124, 167]
var5_0 [37, 72, 93, 170]
var5_1 [37, 72, 93, 170]
var0_0 [16, 50, 58, 66, 75]
var0_1 [16, 50, 58, 66, 75]
var0_2 [16, 50, 58, 66, 75]
var0_3 [16, 50, 58, 66, 75]
var0_4 [16, 50, 58, 66, 75]
var0_5 [16, 50, 58, 66, 75]
var0_6 [16, 50, 58, 66, 75]
var0_7 [16, 50, 58, 66, 75]
var0_8 [16, 50, 58, 66, 75]
var0_9 [16, 50, 58, 66, 75]
var0_10 [16, 50, 58, 66, 75]
var0_11 [16, 50, 58, 66, 75]
var0_12 [16, 50, 58, 66, 75]
var0_13 [16, 50, 58, 66, 75]
var1_0 [16, 50, 58, 66, 78]
var1_1 [16, 50, 58, 66, 78]
var1_2 [16, 50, 58, 66, 78]
var1_3 [16, 50, 58, 66, 78]
var1_4 [16, 50, 58, 66, 78]
var1_5 [16, 50, 58, 66, 78]
var1_6 [16, 50, 58, 66, 78]
var1_7 [16, 50, 58, 66, 78]
var1_8 [16, 50, 58, 66, 78]
var1_9 [16, 50, 58, 66, 78]
var1_10 [16, 50, 58, 66, 78]
var1_11 [16, 50, 58, 66, 78]
var1_12 [16, 50, 58, 66, 78]
var1_13 [16, 50, 58, 66, 78]
var2_0 [18, 25, 26, 27, 29, 30, 51, 58]
var2_1 [18, 25, 26, 27, 29, 30, 51, 58]
var2_2 [18, 25, 26, 27, 29, 30, 51, 58]
var2_3 [18, 25, 26, 27, 29, 30, 51, 58]
var2_4 [18, 25, 26, 27, 29, 30, 51, 58]
var3_0 [49, 66, 68]
var3_1 [49, 66, 68]
var3_2 [49, 66, 68]
var3_3 [49, 66, 68]
var3_4 [49, 66, 68]
var3_5 [49, 66, 68]
var3_6 [49, 66, 68]
var3_7 [49, 66, 68]
var3_8 [49, 66, 68]
var3_9 [49, 66, 68]
var3_10 [49, 66, 68]
var3_11 [49, 66, 68]
var4_0 [49, 104, 124, 167]
var4_1 [49, 104, 124, 167]
var4_2 [49, 104, 124, 167]
var4_3 [49, 104, 124, 167]
var5_0 [37, 72, 93, 170]
var5_1 [37, 72, 93, 170]
var0_0 [16, 50, 58, 66, 75]
var0_1 [16, 50, 58, 66, 75]
var0_2 [16, 50, 58, 66, 75]
var0_3 [16, 50, 58, 66, 75]
var0_4 [16, 50, 58, 66, 75]
var0_5 [16, 50, 58, 66, 75]
var0_6 [16, 50, 58, 66, 75]
var0_7 [16, 50, 58, 66, 75]
var0_8 [16, 50, 58, 66, 75]
var0_9 [16, 50, 58, 66, 75]
var0_10 [16, 50, 58, 66, 75]
var0_11 [16, 50, 58, 66, 75]
var0_12 [16, 50, 58, 66, 75]
var0_13 [16, 50, 58, 66, 75]
var1_0 [16, 50, 58, 66, 78]
var1_1 [16, 50, 58, 66, 78]
var1_2 [16, 50, 58, 66, 78]
var1_3 [16, 50, 58, 66, 78]
var1_4 [16, 50, 58, 66, 78]
var1_5 [16, 50, 58, 66, 78]
var1_6 [16, 50, 58, 66, 78]
var1_7 [16, 50, 58, 66, 78]
var1_8 [16, 50, 58, 66, 78]
var1_9 [16, 50, 58, 66, 78]
var1_10 [16, 50, 58, 66, 78]
var1_11 [16, 50, 58, 66, 78]
var1_12 [16, 50, 58, 66, 78]
var1_13 [16, 50, 58, 66, 78]
var2_0 [18, 25, 26, 27, 29, 30, 51, 58]
var2_1 [18, 25, 26, 27, 29, 30, 51, 58]
var2_2 [18, 25, 26, 27, 29, 30, 51, 58]
var2_3 [18, 25, 26, 27, 29, 30, 51, 58]
var2_4 [18, 25, 26, 27, 29, 30, 51, 58]
var3_0 [49, 66, 68]
var3_1 [49, 66, 68]
var3_2 [49, 66, 68]
var3_3 [49, 66, 68]
var3_4 [49, 66, 68]
var3_5 [49, 66, 68]
var3_6 [49, 66, 68]
var3_7 [49, 66, 68]
var3_8 [49, 66, 68]
var3_9 [49, 66, 68]
var3_10 [49, 66, 68]
var3_11 [49, 66, 68]
var4_0 [49, 104, 124, 167]
var4_1 [49, 104, 124, 167]
var4_2 [49, 104, 124, 167]
var4_3 [49, 104, 124, 167]
var5_0 [37, 72, 93, 170]
var5_1 [37, 72, 93, 170]
var0_0 [15, 51, 58]
var0_1 [15, 51, 58]
var0_2 [15, 51, 58]
var0_3 [15, 51, 58]
var0_4 [15, 51, 58]
var0_5 [15, 51, 58]
var0_6 [15, 51, 58]
var1_0 [16, 37, 50, 58, 66, 75]
var1_1 [16, 37, 50, 58, 66, 75]
var1_2 [16, 37, 50, 58, 66, 75]
var1_3 [16, 37, 50, 58, 66, 75]
var1_4 [16, 37, 50, 58, 66, 75]
var1_5 [16, 37, 50, 58, 66, 75]
var1_6 [16, 37, 50, 58, 66, 75]
var1_7 [16, 37, 50, 58, 66, 75]
var1_8 [16, 37, 50, 58, 66, 75]
var1_9 [16, 37, 50, 58, 66, 75]
var1_10 [16, 37, 50, 58, 66, 75]
var1_11 [16, 37, 50, 58, 66, 75]
var1_12 [16, 37, 50, 58, 66, 75]
var1_13 [16, 37, 50, 58, 66, 75]
var1_14 [16, 37, 50, 58, 66, 75]
var1_15 [16, 37, 50, 58, 66, 75]
var1_16 [16, 37, 50, 58, 66, 75]
var1_17 [16, 37, 50, 58, 66, 75]
var1_18 [16, 37, 50, 58, 66, 75]
var1_19 [16, 37, 50, 58, 66, 75]
var1_20 [16, 37, 50, 58, 66, 75]
var1_21 [16, 37, 50, 58, 66, 75]
var1_22 [16, 37, 50, 58, 66, 75]
var1_23 [16, 37, 50, 58, 66, 75]
var1_24 [16, 37, 50, 58, 66, 75]
var1_25 [16, 37, 50, 58, 66, 75]
var1_26 [16, 37, 50, 58, 66, 75]
var1_27 [16, 37, 50, 58, 66, 75]
var1_28 [16, 37, 50, 58, 66, 75]
var1_29 [16, 37, 50, 58, 66, 75]
var1_30 [16, 37, 50, 58, 66, 75]
var1_31 [16, 37, 50, 58, 66, 75]
var1_32 [16, 37, 50, 58, 66, 75]
var1_33 [16, 37, 50, 58, 66, 75]
var1_34 [16, 37, 50, 58, 66, 75]
var1_35 [16, 37, 50, 58, 66, 75]
var1_36 [16, 37, 50, 58, 66, 75]
var1_37 [16, 37, 50, 58, 66, 75]
var1_38 [16, 37, 50, 58, 66, 75]
var1_39 [16, 37, 50, 58, 66, 75]
var1_40 [16, 37, 50, 58, 66, 75]
var1_41 [16, 37, 50, 58, 66, 75]
var1_42 [16, 37, 50, 58, 66, 75]
var1_43 [16, 37, 50, 58, 66, 75]
var1_44 [16, 37, 50, 58, 66, 75]
var1_45 [16, 37, 50, 58, 66, 75]
var1_46 [16, 37, 50, 58, 66, 75]
var1_47 [16, 37, 50, 58, 66, 75]
var1_48 [16, 37, 50, 58, 66, 75]
var1_49 [16, 37, 50, 58, 66, 75]
var1_50 [16, 37, 50, 58, 66, 75]
var1_51 [16, 37, 50, 58, 66, 75]
var1_52 [16, 37, 50, 58, 66, 75]
var1_53 [16, 37, 50, 58, 66, 75]
var1_54 [16, 37, 50, 58, 66, 75]
var1_55 [16, 37, 50, 58, 66, 75]
var2_0 [16, 50, 58, 66, 78]
var2_1 [16, 50, 58, 66, 78]
var2_2 [16, 50, 58, 66, 78]
var2_3 [16, 50, 58, 66, 78]
var2_4 [16, 50, 58, 66, 78]
var2_5 [16, 50, 58, 66, 78]
var2_6 [16, 50, 58, 66, 78]
var2_7 [16, 50, 58, 66, 78]
var2_8 [16, 50, 58, 66, 78]
var2_9 [16, 50, 58, 66, 78]
var2_10 [16, 50, 58, 66, 78]
var2_11 [16, 50, 58, 66, 78]
var2_12 [16, 50, 58, 66, 78]
var2_13 [16, 50, 58, 66, 78]
var3_0 [18, 25, 26, 27, 29, 30, 51, 58]
var3_1 [18, 25, 26, 27, 29, 30, 51, 58]
var3_2 [18, 25, 26, 27, 29, 30, 51, 58]
var3_3 [18, 25, 26, 27, 29, 30, 51, 58]
var3_4 [18, 25, 26, 27, 29, 30, 51, 58]
var3_5 [18, 25, 26, 27, 29, 30, 51, 58]
var3_6 [18, 25, 26, 27, 29, 30, 51, 58]
var4_0 [37, 72, 93, 170]
var4_1 [37, 72, 93, 170]
var4_2 [37, 72, 93, 170]
var4_3 [37, 72, 93, 170]
var4_4 [37, 72, 93, 170]
var5_0 [49, 66, 68]
var5_1 [49, 66, 68]
var5_2 [49, 66, 68]
var5_3 [49, 66, 68]
var5_4 [49, 66, 68]
var5_5 [49, 66, 68]
var5_6 [49, 66, 68]
var5_7 [49, 66, 68]
var5_8 [49, 66, 68]
var5_9 [49, 66, 68]
var5_10 [49, 66, 68]
var5_11 [49, 66, 68]
var6_0 [49, 104, 124, 167]
var6_1 [49, 104, 124, 167]
var6_2 [49, 104, 124, 167]
var6_3 [49, 104, 124, 167]
var7_0 [152, 153]
var7_1 [152, 153]
var7_2 [152, 153]
var7_3 [152, 153]
var7_4 [152, 153]
var7_5 [152, 153]
var7_6 [152, 153]
var7_7 [152, 153]
var7_8 [152, 153]
var7_9 [152, 153]
var7_10 [152, 153]
var7_11 [152, 153]
var7_12 [152, 153]
var7_13 [152, 153]
var7_14 [152, 153]
var7_15 [152, 153]
var7_16 [152, 153]
var7_17 [152, 153]
var7_18 [152, 153]
var7_19 [152, 153]
var7_20 [152, 153]
var7_21 [152, 153]
var7_22 [152, 153]
var7_23 [152, 153]
var7_24 [152, 153]
var0_0 [6, 7, 50, 58]
var0_1 [6, 7, 50, 58]
var0_2 [6, 7, 50, 58]
var0_3 [6, 7, 50, 58]
var0_4 [6, 7, 50, 58]
var0_5 [6, 7, 50, 58]
var0_6 [6, 7, 50, 58]
var0_7 [6, 7, 50, 58]
var0_8 [6, 7, 50, 58]
var1_0 [15, 51, 58, 100, 112, 114, 115, 116, 118, 124, 125]
var1_1 [15, 51, 58, 100, 112, 114, 115, 116, 118, 124, 125]
var1_2 [15, 51, 58, 100, 112, 114, 115, 116, 118, 124, 125]
var1_3 [15, 51, 58, 100, 112, 114, 115, 116, 118, 124, 125]
var1_4 [15, 51, 58, 100, 112, 114, 115, 116, 118, 124, 125]
var1_5 [15, 51, 58, 100, 112, 114, 115, 116, 118, 124, 125]
var1_6 [15, 51, 58, 100, 112, 114, 115, 116, 118, 124, 125]
var1_7 [15, 51, 58, 100, 112, 114, 115, 116, 118, 124, 125]
var2_0 [18, 25, 26, 27, 29, 30, 51, 58]
var2_1 [18, 25, 26, 27, 29, 30, 51, 58]
var2_2 [18, 25, 26, 27, 29, 30, 51, 58]
var2_3 [18, 25, 26, 27, 29, 30, 51, 58]
var2_4 [18, 25, 26, 27, 29, 30, 51, 58]
var2_5 [18, 25, 26, 27, 29, 30, 51, 58]
var2_6 [18, 25, 26, 27, 29, 30, 51, 58]
var3_0 [50, 58, 64, 65, 67, 69, 76, 106, 107, 108]
var3_1 [50, 58, 64, 65, 67, 69, 76, 106, 107, 108]
var3_2 [50, 58, 64, 65, 67, 69, 76, 106, 107, 108]
var3_3 [50, 58, 64, 65, 67, 69, 76, 106, 107, 108]
var3_4 [50, 58, 64, 65, 67, 69, 76, 106, 107, 108]
var3_5 [50, 58, 64, 65, 67, 69, 76, 106, 107, 108]
var3_6 [50, 58, 64, 65, 67, 69, 76, 106, 107, 108]
var3_7 [50, 58, 64, 65, 67, 69, 76, 106, 107, 108]
var3_8 [50, 58, 64, 65, 67, 69, 76, 106, 107, 108]
var3_9 [50, 58, 64, 65, 67, 69, 76, 106, 107, 108]
var4_0 [37, 49]
var4_1 [37, 49]
var4_2 [37, 49]
var4_3 [37, 49]
var4_4 [37, 49]
var4_5 [37, 49]
var4_6 [37, 49]
var4_7 [37, 49]
var4_8 [37, 49]
var4_9 [37, 49]
var5_0 [37, 66, 68, 72, 74, 75]
var5_1 [37, 66, 68, 72, 74, 75]
var5_2 [37, 66, 68, 72, 74, 75]
var5_3 [37, 66, 68, 72, 74, 75]
var5_4 [37, 66, 68, 72, 74, 75]
var5_5 [37, 66, 68, 72, 74, 75]
var5_6 [37, 66, 68, 72, 74, 75]
var6_0 [37, 72, 93, 170]
var6_1 [37, 72, 93, 170]
var6_2 [37, 72, 93, 170]
var6_3 [37, 72, 93, 170]
var6_4 [37, 72, 93, 170]
var6_5 [37, 72, 93, 170]
var6_6 [37, 72, 93, 170]
var0_0 [6, 7, 50, 58]
var0_1 [6, 7, 50, 58]
var0_2 [6, 7, 50, 58]
var0_3 [6, 7, 50, 58]
var0_4 [6, 7, 50, 58]
var0_5 [6, 7, 50, 58]
var0_6 [6, 7, 50, 58]
var0_7 [6, 7, 50, 58]
var0_8 [6, 7, 50, 58]
var1_0 [15, 51, 58, 100, 112, 114, 115, 116, 118, 124, 125]
var1_1 [15, 51, 58, 100, 112, 114, 115, 116, 118, 124, 125]
var1_2 [15, 51, 58, 100, 112, 114, 115, 116, 118, 124, 125]
var1_3 [15, 51, 58, 100, 112, 114, 115, 116, 118, 124, 125]
var1_4 [15, 51, 58, 100, 112, 114, 115, 116, 118, 124, 125]
var1_5 [15, 51, 58, 100, 112, 114, 115, 116, 118, 124, 125]
var1_6 [15, 51, 58, 100, 112, 114, 115, 116, 118, 124, 125]
var1_7 [15, 51, 58, 100, 112, 114, 115, 116, 118, 124, 125]
var2_0 [18, 25, 26, 27, 29, 30, 51, 58]
var2_1 [18, 25, 26, 27, 29, 30, 51, 58]
var2_2 [18, 25, 26, 27, 29, 30, 51, 58]
var2_3 [18, 25, 26, 27, 29, 30, 51, 58]
var2_4 [18, 25, 26, 27, 29, 30, 51, 58]
var2_5 [18, 25, 26, 27, 29, 30, 51, 58]
var2_6 [18, 25, 26, 27, 29, 30, 51, 58]
var3_0 [50, 58, 64, 65, 67, 69, 76, 106, 107, 108]
var3_1 [50, 58, 64, 65, 67, 69, 76, 106, 107, 108]
var3_2 [50, 58, 64, 65, 67, 69, 76, 106, 107, 108]
var3_3 [50, 58, 64, 65, 67, 69, 76, 106, 107, 108]
var3_4 [50, 58, 64, 65, 67, 69, 76, 106, 107, 108]
var3_5 [50, 58, 64, 65, 67, 69, 76, 106, 107, 108]
var3_6 [50, 58, 64, 65, 67, 69, 76, 106, 107, 108]
var3_7 [50, 58, 64, 65, 67, 69, 76, 106, 107, 108]
var3_8 [50, 58, 64, 65, 67, 69, 76, 106, 107, 108]
var3_9 [50, 58, 64, 65, 67, 69, 76, 106, 107, 108]
var4_0 [37, 49]
var4_1 [37, 49]
var4_2 [37, 49]
var4_3 [37, 49]
var4_4 [37, 49]
var4_5 [37, 49]
var4_6 [37, 49]
var4_7 [37, 49]
var4_8 [37, 49]
var4_9 [37, 49]
var5_0 [37, 66, 68, 72, 74, 75]
var5_1 [37, 66, 68, 72, 74, 75]
var5_2 [37, 66, 68, 72, 74, 75]
var5_3 [37, 66, 68, 72, 74, 75]
var5_4 [37, 66, 68, 72, 74, 75]
var5_5 [37, 66, 68, 72, 74, 75]
var5_6 [37, 66, 68, 72, 74, 75]
var6_0 [37, 72, 93, 170]
var6_1 [37, 72, 93, 170]
var6_2 [37, 72, 93, 170]
var6_3 [37, 72, 93, 170]
var6_4 [37, 72, 93, 170]
var6_5 [37, 72, 93, 170]
var6_6 [37, 72, 93, 170]
var0_0 [4, 6, 7, 15, 51, 58]
var0_1 [4, 6, 7, 15, 51, 58]
var0_2 [4, 6, 7, 15, 51, 58]
var0_3 [4, 6, 7, 15, 51, 58]
var0_4 [4, 6, 7, 15, 51, 58]
var0_5 [4, 6, 7, 15, 51, 58]
var0_6 [4, 6, 7, 15, 51, 58]
var1_0 [18, 23, 51, 58, 75]
var1_1 [18, 23, 51, 58, 75]
var1_2 [18, 23, 51, 58, 75]
var1_3 [18, 23, 51, 58, 75]
var1_4 [18, 23, 51, 58, 75]
var1_5 [18, 23, 51, 58, 75]
var1_6 [18, 23, 51, 58, 75]
var1_7 [18, 23, 51, 58, 75]
var1_8 [18, 23, 51, 58, 75]
var2_0 [16, 50, 58, 70, 75]
var2_1 [16, 50, 58, 70, 75]
var2_2 [16, 50, 58, 70, 75]
var2_3 [16, 50, 58, 70, 75]
var2_4 [16, 50, 58, 70, 75]
var2_5 [16, 50, 58, 70, 75]
var3_0 [49, 66, 68]
var3_1 [49, 66, 68]
var3_2 [49, 66, 68]
var3_3 [49, 66, 68]
var4_0 [49, 104, 124, 167]
var4_1 [49, 104, 124, 167]
var4_2 [49, 104, 124, 167]
var4_3 [49, 104, 124, 167]
var0_0 [6, 7, 37, 49]
var0_1 [6, 7, 37, 49]
var0_2 [6, 7, 37, 49]
var1_0 [16, 50, 58, 66, 75]
var1_1 [16, 50, 58, 66, 75]
var1_2 [16, 50, 58, 66, 75]
var1_3 [16, 50, 58, 66, 75]
var2_0 [16, 50, 58, 65, 66, 67, 69, 78]
var2_1 [16, 50, 58, 65, 66, 67, 69, 78]
var2_2 [16, 50, 58, 65, 66, 67, 69, 78]
var2_3 [16, 50, 58, 65, 66, 67, 69, 78]
var3_0 [152, 153]
var3_1 [152, 153]
var3_2 [152, 153]
var3_3 [152, 153]
var3_4 [152, 153]
var3_5 [152, 153]
var3_6 [152, 153]
var3_7 [152, 153]
var3_8 [152, 153]
var3_9 [152, 153]
var3_10 [152, 153]
var3_11 [152, 153]
var3_12 [152, 153]
var3_13 [152, 153]
var3_14 [152, 153]
var3_15 [152, 153]
var3_16 [152, 153]
var3_17 [152, 153]
var3_18 [152, 153]
var3_19 [152, 153]
var3_20 [152, 153]
var3_21 [152, 153]
var3_22 [152, 153]
var3_23 [152, 153]
var3_24 [152, 153]
var0_0 [15, 51, 58]
var0_1 [15, 51, 58]
var0_2 [15, 51, 58]
var0_3 [15, 51, 58]
var0_4 [15, 51, 58]
var0_5 [15, 51, 58]
var0_6 [15, 51, 58]
var1_0 [16, 37, 50, 58, 66, 75]
var1_1 [16, 37, 50, 58, 66, 75]
var1_2 [16, 37, 50, 58, 66, 75]
var1_3 [16, 37, 50, 58, 66, 75]
var1_4 [16, 37, 50, 58, 66, 75]
var1_5 [16, 37, 50, 58, 66, 75]
var1_6 [16, 37, 50, 58, 66, 75]
var1_7 [16, 37, 50, 58, 66, 75]
var1_8 [16, 37, 50, 58, 66, 75]
var1_9 [16, 37, 50, 58, 66, 75]
var1_10 [16, 37, 50, 58, 66, 75]
var1_11 [16, 37, 50, 58, 66, 75]
var1_12 [16, 37, 50, 58, 66, 75]
var1_13 [16, 37, 50, 58, 66, 75]
var1_14 [16, 37, 50, 58, 66, 75]
var1_15 [16, 37, 50, 58, 66, 75]
var1_16 [16, 37, 50, 58, 66, 75]
var1_17 [16, 37, 50, 58, 66, 75]
var1_18 [16, 37, 50, 58, 66, 75]
var1_19 [16, 37, 50, 58, 66, 75]
var1_20 [16, 37, 50, 58, 66, 75]
var1_21 [16, 37, 50, 58, 66, 75]
var1_22 [16, 37, 50, 58, 66, 75]
var1_23 [16, 37, 50, 58, 66, 75]
var1_24 [16, 37, 50, 58, 66, 75]
var1_25 [16, 37, 50, 58, 66, 75]
var1_26 [16, 37, 50, 58, 66, 75]
var1_27 [16, 37, 50, 58, 66, 75]
var1_28 [16, 37, 50, 58, 66, 75]
var1_29 [16, 37, 50, 58, 66, 75]
var1_30 [16, 37, 50, 58, 66, 75]
var1_31 [16, 37, 50, 58, 66, 75]
var1_32 [16, 37, 50, 58, 66, 75]
var1_33 [16, 37, 50, 58, 66, 75]
var1_34 [16, 37, 50, 58, 66, 75]
var1_35 [16, 37, 50, 58, 66, 75]
var1_36 [16, 37, 50, 58, 66, 75]
var1_37 [16, 37, 50, 58, 66, 75]
var1_38 [16, 37, 50, 58, 66, 75]
var1_39 [16, 37, 50, 58, 66, 75]
var1_40 [16, 37, 50, 58, 66, 75]
var1_41 [16, 37, 50, 58, 66, 75]
var1_42 [16, 37, 50, 58, 66, 75]
var1_43 [16, 37, 50, 58, 66, 75]
var1_44 [16, 37, 50, 58, 66, 75]
var1_45 [16, 37, 50, 58, 66, 75]
var1_46 [16, 37, 50, 58, 66, 75]
var1_47 [16, 37, 50, 58, 66, 75]
var1_48 [16, 37, 50, 58, 66, 75]
var1_49 [16, 37, 50, 58, 66, 75]
var1_50 [16, 37, 50, 58, 66, 75]
var1_51 [16, 37, 50, 58, 66, 75]
var1_52 [16, 37, 50, 58, 66, 75]
var1_53 [16, 37, 50, 58, 66, 75]
var1_54 [16, 37, 50, 58, 66, 75]
var1_55 [16, 37, 50, 58, 66, 75]
var2_0 [16, 50, 58, 66, 78]
var2_1 [16, 50, 58, 66, 78]
var2_2 [16, 50, 58, 66, 78]
var2_3 [16, 50, 58, 66, 78]
var2_4 [16, 50, 58, 66, 78]
var2_5 [16, 50, 58, 66, 78]
var2_6 [16, 50, 58, 66, 78]
var2_7 [16, 50, 58, 66, 78]
var2_8 [16, 50, 58, 66, 78]
var2_9 [16, 50, 58, 66, 78]
var2_10 [16, 50, 58, 66, 78]
var2_11 [16, 50, 58, 66, 78]
var2_12 [16, 50, 58, 66, 78]
var2_13 [16, 50, 58, 66, 78]
var3_0 [18, 25, 26, 27, 29, 30, 51, 58]
var3_1 [18, 25, 26, 27, 29, 30, 51, 58]
var3_2 [18, 25, 26, 27, 29, 30, 51, 58]
var3_3 [18, 25, 26, 27, 29, 30, 51, 58]
var3_4 [18, 25, 26, 27, 29, 30, 51, 58]
var3_5 [18, 25, 26, 27, 29, 30, 51, 58]
var3_6 [18, 25, 26, 27, 29, 30, 51, 58]
var4_0 [37, 72, 93, 170]
var4_1 [37, 72, 93, 170]
var4_2 [37, 72, 93, 170]
var4_3 [37, 72, 93, 170]
var4_4 [37, 72, 93, 170]
var5_0 [49, 66, 68]
var5_1 [49, 66, 68]
var5_2 [49, 66, 68]
var5_3 [49, 66, 68]
var5_4 [49, 66, 68]
var5_5 [49, 66, 68]
var5_6 [49, 66, 68]
var5_7 [49, 66, 68]
var5_8 [49, 66, 68]
var5_9 [49, 66, 68]
var5_10 [49, 66, 68]
var5_11 [49, 66, 68]
var6_0 [49, 104, 124, 167]
var6_1 [49, 104, 124, 167]
var6_2 [49, 104, 124, 167]
var6_3 [49, 104, 124, 167]
var7_0 [152, 153]
var7_1 [152, 153]
var7_2 [152, 153]
var7_3 [152, 153]
var7_4 [152, 153]
var7_5 [152, 153]
var7_6 [152, 153]
var7_7 [152, 153]
var7_8 [152, 153]
var7_9 [152, 153]
var7_10 [152, 153]
var7_11 [152, 153]
var7_12 [152, 153]
var7_13 [152, 153]
var7_14 [152, 153]
var7_15 [152, 153]
var7_16 [152, 153]
var7_17 [152, 153]
var7_18 [152, 153]
var7_19 [152, 153]
var7_20 [152, 153]
var7_21 [152, 153]
var7_22 [152, 153]
var7_23 [152, 153]
var7_24 [152, 153]
