44,29,1441548
12781,6,11718,100095,50004,246960,73133,7201,18025,389,18,57599,0,0,0,0,0,0,0,0,0,0,0,0,0,0,0,0,0
1142,6,11718,100095,50004,246960,73133,7201,18025,389,0,19800,0,0,0,0,0,0,0,0,0,0,0,0,0,0,0,0,0
19507,7,11719,100096,50005,246960,73134,7201,18025,390,0,19800,0,0,0,0,0,0,0,0,0,0,0,0,0,0,0,0,0
1,7,11719,100097,50001,1865920,73134,7201,18025,390,0,19800,0,0,0,0,0,0,0,0,0,0,0,0,0,0,0,0,0
899,8,11719,100097,50001,1865920,73134,7201,18025,390,0,19800,0,0,0,0,0,0,0,0,0,0,0,0,0,0,0,0,0
10017,9,11720,100098,50001,1920800,73135,7201,18026,391,0,19800,0,0,0,0,0,0,0,0,0,0,0,0,0,0,0,0,0
4382,9,11720,100098,50001,1920800,73135,7201,18027,392,0,19800,0,0,0,0,0,0,0,0,0,0,0,0,0,0,0,0,0
32752,10,11721,100099,50001,1865920,73136,7201,18028,393,0,19800,0,0,0,0,0,0,0,0,0,0,0,0,0,0,0,0,0
1917,11,11722,100100,50005,0,73137,7201,18029,394,0,19800,0,0,0,0,0,0,0,0,0,0,0,0,0,0,0,0,0
25374,11,11722,100101,50005,1920800,73137,7201,18029,394,0,19800,0,0,0,0,0,0,0,0,0,0,0,0,0,0,0,0,0
19,11,11722,100102,50005,1865920,73137,7201,18029,394,0,19800,0,0,0,0,0,0,0,0,0,0,0,0,0,0,0,0,0
154332,12,11723,100103,50005,1865920,73138,7201,18029,395,0,19800,0,0,0,0,0,0,0,0,0,0,0,0,0,0,0,0,0
22993,13,11724,100104,50005,1865920,73139,7201,18025,396,0,19800,0,0,0,0,0,0,0,0,0,0,0,0,0,0,0,0,0
40206,14,11725,100105,50005,1865920,73140,7201,18025,397,0,19800,0,0,0,0,0,0,0,0,0,0,0,0,0,0,0,0,0
12012,15,11726,100106,50005,1865920,73141,7201,18025,398,0,19800,0,0,0,0,0,0,0,0,0,0,0,0,0,0,0,0,0
41629,16,11727,100107,50004,1865920,73142,7201,18025,399,0,19800,0,0,0,0,0,0,0,0,0,0,0,0,0,0,0,0,0
681,16,11727,100108,50004,109760,73142,7201,18025,399,0,19800,0,0,0,0,0,0,0,0,0,0,0,0,0,0,0,0,0
491,15,11726,100109,50004,109760,73141,7201,18030,400,0,19800,0,0,0,0,0,0,0,0,0,0,0,0,0,0,0,0,0
792,15,11726,100110,50005,109760,73141,7201,18030,400,0,19800,0,0,0,0,0,0,0,0,0,0,0,0,0,0,0,0,0
28069,17,11728,100111,50005,1920800,73143,7201,18031,401,0,19800,0,0,0,0,0,0,0,0,0,0,0,0,0,0,0,0,0
9170,18,11729,100112,50005,1920800,73144,7201,18031,402,0,19800,0,0,0,0,0,0,0,0,0,0,0,0,0,0,0,0,0
4911,18,11729,100113,50004,1920800,73144,7201,18031,402,0,19800,0,0,0,0,0,0,0,0,0,0,0,0,0,0,0,0,0
1102,17,11728,100114,50004,1920800,73143,7201,18032,403,0,19800,0,0,0,0,0,0,0,0,0,0,0,0,0,0,0,0,0
1885,17,11728,100111,50005,1920800,73143,7201,18032,403,0,19800,0,0,0,0,0,0,0,0,0,0,0,0,0,0,0,0,0
82459,19,11730,100115,50005,1920800,73145,7201,18025,404,0,19800,0,0,0,0,0,0,0,0,0,0,0,0,0,0,0,0,0
12,20,11731,100116,50005,109760,73146,7201,18025,405,0,19800,0,0,0,0,0,0,0,0,0,0,0,0,0,0,0,0,0
202989,20,11731,100117,50005,1920800,73146,7201,18025,405,0,19800,0,0,0,0,0,0,0,0,0,0,0,0,0,0,0,0,0
15610,20,11731,100117,50005,1920800,73146,7201,18025,405,18,19800,0,0,0,0,0,0,0,0,0,0,0,0,0,0,0,0,0
46543,21,11732,100118,31754,1865920,73147,7201,18031,406,0,19800,0,0,0,0,0,0,0,0,0,0,0,0,0,0,0,0,0
48763,22,11733,100119,31754,1865920,73148,7201,18031,407,0,19800,0,0,0,0,0,0,0,0,0,0,0,0,0,0,0,0,0
316114,23,11734,100120,50000,1865920,73149,7201,18031,408,0,19800,0,0,0,0,0,0,0,0,0,0,0,0,0,0,0,0,0
3911,24,11735,100121,50000,246960,73150,7201,18029,409,0,19800,0,0,0,0,0,0,0,0,0,0,0,0,0,0,0,0,0
18,24,11735,100122,50001,246960,73150,7201,18029,410,0,19800,0,0,0,0,0,0,0,0,0,0,0,0,0,0,0,0,0
4601,24,11735,100123,50001,1865920,73150,7201,18029,409,0,19800,0,0,0,0,0,0,0,0,0,0,0,0,0,0,0,0,0
5765,24,11735,100124,50001,1920800,73150,7201,18029,410,0,19800,0,0,0,0,0,0,0,0,0,0,0,0,0,0,0,0,0
118313,25,11736,100125,50001,1920800,73151,7201,18029,411,0,19800,0,0,0,0,0,0,0,0,0,0,0,0,0,0,0,0,0
18282,26,11737,100126,50001,1920800,73152,7201,18029,412,0,19800,0,0,0,0,0,0,0,0,0,0,0,0,0,0,0,0,0
107939,26,11737,100127,50001,1920800,73152,7201,18029,412,0,19800,0,0,0,0,0,0,0,0,0,0,0,0,0,0,0,0,0
568,26,11737,100127,50001,1920800,73152,7201,18033,413,0,19800,0,0,0,0,0,0,0,0,0,0,0,0,0,0,0,0,0
24434,27,11738,100128,50001,1920800,73153,7201,18028,414,0,19800,0,0,0,0,0,0,0,0,0,0,0,0,0,0,0,0,0
10187,27,11738,100129,50001,109760,73153,7201,18028,414,0,19800,0,0,0,0,0,0,0,0,0,0,0,0,0,0,0,0,0
7068,27,11738,100130,50001,109760,73153,7201,18028,414,0,19800,0,0,0,0,0,0,0,0,0,0,0,0,0,0,0,0,0
844,28,11739,100131,50001,109760,73154,7201,18028,415,0,19800,0,0,0,0,0,0,0,0,0,0,0,0,0,0,0,0,0
64,28,11739,100131,50001,109760,73154,7201,18034,416,0,19800,0,0,0,0,0,0,0,0,0,0,0,0,0,0,0,0,0
