150,17,100140
132,50006,1920801,73129,7215,0,0,0,0,0,0,0,0,0,0,0,0
3040,50000,1920801,73129,7201,0,0,0,0,0,0,0,0,0,0,0,0
48212,50000,1920802,73129,7201,0,0,0,0,0,0,0,0,0,0,0,0
1188,50000,1920802,73129,7201,0,0,2,0,0,0,0,0,0,0,0,0
3934,50000,1920802,73129,7201,0,0,2,0,0,0,0,0,0,0,2,0
34397,9924,1920802,73129,7201,0,0,2,0,0,0,0,0,0,0,2,0
6762,50007,1920802,73129,7201,0,0,2,0,0,0,0,0,0,0,2,0
1598,50007,1920801,73129,7201,0,0,2,0,0,0,0,0,0,0,2,0
113,50008,1920801,73129,7201,0,0,2,0,0,0,0,0,0,0,2,0
624,50009,1920801,73129,7201,0,0,2,0,0,0,0,0,0,0,2,0
1,50000,274400,73049,7200,0,0,0,0,0,0,0,0,0,0,0,0
1,50001,274400,73050,7200,0,0,0,0,0,0,0,0,0,0,0,0
1,50001,274400,73051,7200,0,0,0,0,0,0,0,0,0,0,0,0
1,50001,274400,73052,7200,0,0,0,0,0,0,0,0,0,0,0,0
1,50002,274400,73053,7200,0,0,0,0,0,0,0,0,0,0,0,0
1,50002,274400,73054,7200,0,0,0,0,0,0,0,0,0,0,0,0
1,50002,274400,73055,7200,0,0,0,0,0,0,0,0,0,0,0,0
1,50002,274400,73056,7200,0,0,0,0,0,0,0,0,0,0,0,0
1,50003,274400,73057,7200,0,0,0,0,0,0,0,0,0,0,0,0
1,50002,274400,73057,7200,0,0,0,0,0,0,0,0,0,0,0,0
1,9924,274400,73058,7200,0,0,0,0,0,0,0,0,0,0,0,0
1,50002,274400,73059,7200,0,0,0,0,0,0,0,0,0,0,0,0
1,31754,274400,73060,7200,0,0,0,0,0,0,0,0,0,0,0,0
1,47222,274400,73061,7200,0,0,0,0,0,0,0,0,0,0,0,0
1,47222,274400,73062,7200,0,0,0,0,0,0,0,0,0,0,0,0
1,50002,274400,73063,7200,0,0,0,0,0,0,0,0,0,0,0,0
1,9924,274400,73064,7200,0,0,0,0,0,0,0,0,0,0,0,0
1,50001,274400,73065,7200,0,0,0,0,0,0,0,0,0,0,0,0
1,50002,274400,73066,7200,0,0,0,0,0,0,0,0,0,0,0,0
1,50002,274400,73067,7200,0,0,0,0,0,0,0,0,0,0,0,0
1,50002,274400,73068,7200,0,0,0,0,0,0,0,0,0,0,0,0
1,50002,274400,73069,7200,0,0,0,0,0,0,0,0,0,0,0,0
1,9924,274400,73070,7200,0,0,0,0,0,0,0,0,0,0,0,0
1,50002,274400,73070,7200,0,0,0,0,0,0,0,0,0,0,0,0
1,50002,274400,73071,7200,0,0,0,0,0,0,0,0,0,0,0,0
1,9924,274400,73072,7200,0,0,0,0,0,0,0,0,0,0,0,0
1,50002,274400,73073,7200,0,0,0,0,0,0,0,0,0,0,0,0
1,47222,274400,73074,7200,0,0,0,0,0,0,0,0,0,0,0,0
1,50001,274400,73075,7200,0,0,0,0,0,0,0,0,0,0,0,0
1,50002,274400,73074,7200,0,0,0,0,0,0,0,0,0,0,0,0
1,50002,274400,73076,7200,0,0,0,0,0,0,0,0,0,0,0,0
1,50002,274400,73077,7200,0,0,0,0,0,0,0,0,0,0,0,0
1,50002,274400,73077,7201,0,0,0,0,0,0,0,0,0,0,0,0
1,50002,274400,73078,7201,0,0,0,0,0,0,0,0,0,0,0,0
1,50002,274400,73078,7200,0,0,0,0,0,0,0,0,0,0,0,0
1,50000,1865920,73079,7202,0,0,0,0,0,0,0,0,0,0,0,0
1,31754,1865920,73079,7202,0,0,0,0,0,0,0,0,0,0,0,0
1,50000,1865920,73080,7203,0,0,0,0,0,0,0,0,0,0,0,0
1,50000,1865920,73081,7202,0,0,0,0,0,0,0,0,0,0,0,0
1,50000,1865920,73082,7202,0,0,0,0,0,0,0,0,0,0,0,0
1,50000,1865920,73083,7204,0,0,0,0,0,0,0,0,0,0,0,0
1,50000,1865920,73084,7202,0,0,0,0,0,0,0,0,0,0,0,0
1,50000,1865920,73085,7202,0,0,0,0,0,0,0,0,0,0,0,0
1,50000,1865920,73086,7202,0,0,0,0,0,0,0,0,0,0,0,0
1,50000,1865920,73087,7202,0,0,0,0,0,0,0,0,0,0,0,0
1,50000,1865920,73088,7202,0,0,0,0,0,0,0,0,0,0,0,0
1,50000,1865920,73089,7202,0,0,0,0,0,0,0,0,0,0,0,0
1,50000,1865920,73090,7205,0,0,0,0,0,0,0,0,0,0,0,0
1,50000,1865920,73091,7202,0,0,0,0,0,0,0,0,0,0,0,0
1,50000,1865920,73092,7202,0,0,0,0,0,0,0,0,0,0,0,0
1,50000,1865920,73093,7202,0,0,0,0,0,0,0,0,0,0,0,0
1,31754,1865920,73093,7202,0,0,0,0,0,0,0,0,0,0,0,0
1,50000,1865920,73094,7202,0,0,0,0,0,0,0,0,0,0,0,0
1,50000,1865920,73095,7202,0,0,0,0,0,0,0,0,0,0,0,0
1,50000,1865920,73096,7205,0,0,0,0,0,0,0,0,0,0,0,0
1,50000,1865920,73097,7202,0,0,0,0,0,0,0,0,0,0,0,0
1,50000,1865920,73098,7202,0,0,0,0,0,0,0,0,0,0,0,0
1,50000,1865920,73099,7202,0,0,0,0,0,0,0,0,0,0,0,0
1,50000,1865920,73100,7206,0,0,0,0,0,0,0,0,0,0,0,0
1,50000,1865920,73101,7206,0,0,0,0,0,0,0,0,0,0,0,0
1,50000,1893360,73101,7206,0,0,0,0,0,0,0,0,0,0,0,0
1,50000,1865920,73102,7205,0,0,0,0,0,0,0,0,0,0,0,0
1,50000,1865920,73103,7205,0,0,0,0,0,0,0,0,0,0,0,0
1,50000,1865920,73103,7207,0,0,0,0,0,0,0,0,0,0,0,0
1,50000,1865920,73103,7208,0,0,0,0,0,0,0,0,0,0,0,0
1,50000,1865920,73104,7202,0,0,0,0,0,0,0,0,0,0,0,0
1,50000,1865920,73105,7202,0,0,0,0,0,0,0,0,0,0,0,0
1,50000,1893360,73105,7202,0,0,0,0,0,0,0,0,0,0,0,0
1,50000,1893360,73106,7202,0,0,0,0,0,0,0,0,0,0,0,0
1,50000,1893360,73107,7202,0,0,0,0,0,0,0,0,0,0,0,0
1,50000,1893360,73108,7202,0,0,0,0,0,0,0,0,0,0,0,0
1,50000,1893360,73109,7202,0,0,0,0,0,0,0,0,0,0,0,0
1,50000,1893360,73110,7202,0,0,0,0,0,0,0,0,0,0,0,0
1,50000,1893360,73111,7202,0,0,0,0,0,0,0,0,0,0,0,0
1,50000,1893360,73112,7209,0,0,0,0,0,0,0,0,0,0,0,0
1,50000,1893360,73111,7210,0,0,0,0,0,0,0,0,0,0,0,0
1,50000,1893360,73111,7204,0,0,0,0,0,0,0,0,0,0,0,0
1,50000,1893360,73111,7211,0,0,0,0,0,0,0,0,0,0,0,0
1,50000,1893360,73113,7211,0,0,0,0,0,0,0,0,0,0,0,0
1,50000,1893360,73114,7211,0,0,0,0,0,0,0,0,0,0,0,0
1,50000,1893360,73115,7211,0,0,0,0,0,0,0,0,0,0,0,0
1,50000,1893360,73116,7212,0,0,0,0,0,0,0,0,0,0,0,0
1,50000,1893360,73117,7212,0,0,0,0,0,0,0,0,0,0,0,0
1,50000,1865920,73118,7202,0,0,0,0,0,0,0,0,0,0,0,0
1,31754,1865920,73118,7202,0,0,0,0,0,0,0,0,0,0,0,0
1,50000,1865920,73119,7202,0,0,0,0,0,0,0,0,0,0,0,0
1,50000,1865920,73120,7202,0,0,0,0,0,0,0,0,0,0,0,0
1,50000,1865920,73121,7202,0,0,0,0,0,0,0,0,0,0,0,0
1,50000,1865920,73122,7202,0,0,0,0,0,0,0,0,0,0,0,0
1,50000,1865920,73123,7203,0,0,0,0,0,0,0,0,0,0,0,0
1,50000,1865920,73124,7213,0,0,0,0,0,0,0,0,0,0,0,0
1,50000,1865920,73123,7214,0,0,0,0,0,0,0,0,0,0,0,0
1,50000,1865920,73123,7206,0,0,0,0,0,0,0,0,0,0,0,0
1,50000,1865920,73125,7208,0,0,0,0,0,0,0,0,0,0,0,0
1,50000,1865920,73126,7208,0,0,0,0,0,0,0,0,0,0,0,0
1,50004,246960,73133,7201,0,0,2,0,0,0,0,0,0,0,0,0
1,50005,246960,73134,7201,0,0,2,0,0,0,0,0,0,0,0,0
1,50001,1865920,73134,7201,0,0,0,0,0,0,0,0,0,0,0,0
1,50001,1920800,73135,7201,0,0,0,0,0,0,0,0,0,0,0,0
1,50001,1865920,73136,7201,0,0,0,0,0,0,0,0,0,0,0,0
1,50005,0,73137,7201,0,0,4,0,0,0,0,0,0,0,0,0
1,50005,1920800,73137,7201,0,0,10,0,0,0,0,0,0,0,0,0
1,50005,1865920,73137,7201,0,0,10,0,0,0,0,0,0,0,0,0
1,50005,1865920,73138,7201,0,0,2,0,0,0,0,0,0,0,0,0
1,50005,1865920,73139,7201,0,0,2,0,0,0,0,0,0,0,0,0
1,50005,1865920,73140,7201,0,0,2,0,0,0,0,0,0,0,0,0
1,50005,1865920,73141,7201,0,0,2,0,0,0,0,0,0,0,0,0
1,50004,1865920,73142,7201,0,0,2,0,0,0,0,0,0,0,0,0
1,50004,109760,73142,7201,0,0,2,0,0,0,0,0,0,0,0,0
1,50004,109760,73141,7201,0,0,2,0,0,0,0,0,0,0,0,0
1,50005,109760,73141,7201,0,0,2,0,0,0,0,0,0,0,0,0
1,50005,1920800,73143,7201,0,0,2,0,0,0,0,0,0,0,0,0
1,50005,1920800,73144,7201,0,0,2,0,0,0,0,0,0,0,0,0
1,50004,1920800,73144,7201,0,0,2,0,0,0,0,0,0,0,0,0
1,50004,1920800,73143,7201,0,0,2,0,0,0,0,0,0,0,0,0
1,50005,1920800,73145,7201,0,0,2,0,0,0,0,0,0,0,0,0
1,50005,109760,73146,7201,0,0,12,0,0,0,0,0,0,0,0,0
1,50005,1920800,73146,7201,0,0,2,0,0,0,0,0,0,0,0,0
1,31754,1865920,73147,7201,0,0,0,0,0,0,0,0,0,0,0,0
1,31754,1865920,73148,7201,0,0,0,0,0,0,0,0,0,0,0,0
1,50000,1865920,73149,7201,0,0,0,0,0,0,0,0,0,0,0,0
1,50000,246960,73150,7201,0,0,0,0,0,0,0,0,0,0,0,0
1,50001,246960,73150,7201,0,0,0,0,0,0,0,0,0,0,0,0
1,50001,1865920,73150,7201,0,0,12,0,0,0,0,0,0,0,0,0
1,50001,1920800,73150,7201,0,0,0,0,0,0,0,0,0,0,0,0
1,50001,1920800,73151,7201,0,0,0,0,0,0,0,0,0,0,0,0
1,50001,1920800,73152,7201,0,0,0,0,0,0,0,0,0,0,0,0
1,50001,1920800,73152,7201,0,0,12,0,0,0,0,0,0,0,0,0
1,50001,1920800,73153,7201,0,0,0,0,0,0,0,0,0,0,0,0
1,50001,109760,73153,7201,0,0,0,0,0,0,0,0,0,0,0,0
1,50001,109760,73153,7201,0,0,12,0,0,0,0,0,0,0,0,0
1,50001,109760,73154,7201,0,0,12,0,0,0,0,0,0,0,0,0
1,50000,274400,73129,7201,0,0,0,0,0,0,0,0,0,0,0,0
1,50000,274400,73066,7201,0,0,0,0,0,0,0,0,0,0,0,0
1,50000,274400,73155,7201,0,0,0,0,0,0,0,0,0,0,0,0
1,50000,274400,73156,7201,0,0,0,0,0,0,0,0,0,0,0,0
1,50000,274400,73157,7201,0,0,0,0,0,0,0,0,0,0,0,0
1,50000,274400,73158,7201,0,0,0,0,0,0,0,0,0,0,0,0
1,50000,274400,73159,7201,0,0,0,0,0,0,0,0,0,0,0,0
1,50000,274400,73160,7201,0,0,0,0,0,0,0,0,0,0,0,0
