19,13,50010
4611,0,0,0,0,0,0,12,0,0,0,0,0
5242,0,0,0,0,0,0,6,0,0,0,0,0
71,0,0,0,0,2,0,6,0,0,0,0,0
21830,0,0,0,0,2,0,0,0,0,0,0,0
15468,0,0,0,0,4,0,0,0,0,0,0,0
1326,0,0,0,0,4,0,10,0,0,0,0,0
1032,0,0,0,0,4,0,14,0,0,0,0,0
38,0,2,0,0,4,0,14,0,0,0,0,0
382,0,2,0,10,4,0,14,0,0,0,0,0
1,0,0,0,0,0,0,0,0,0,0,0,0
1,0,0,0,0,0,0,10,0,0,0,0,0
1,0,0,0,0,2,0,10,0,0,0,0,0
1,0,0,0,0,2,0,14,0,0,0,0,0
1,0,0,0,0,4,0,2,0,0,0,0,0
1,0,0,0,0,0,0,2,0,0,0,0,0
1,0,2,0,0,0,0,0,0,0,0,0,0
1,0,0,0,0,2,0,12,0,0,0,0,0
1,0,0,0,10,2,0,12,0,0,0,0,0
1,0,2,0,10,2,0,12,0,0,0,0,0
