161,28,73161
1,0,0,0,0,0,23,0,0,0,6,0,0,0,0,0,0,0,24,16,2,0,0,0,0,0,0,6
29,0,0,0,0,0,23,0,0,0,6,0,0,0,0,0,0,0,11,16,2,0,0,0,0,0,0,6
63,0,0,0,0,0,27,0,0,0,6,0,0,0,0,0,0,0,11,8,4,0,0,0,0,0,0,6
29,0,0,0,0,0,0,0,0,0,6,0,0,0,0,0,0,0,11,8,4,0,0,0,0,0,0,6
56,0,0,0,0,0,0,0,0,0,6,0,0,0,0,0,0,0,11,2,6,0,0,0,0,0,0,6
6,0,0,0,0,0,0,0,0,0,4,0,0,0,0,0,0,0,11,2,6,0,0,0,0,0,0,6
29,0,0,0,0,0,0,0,0,0,4,0,0,0,0,0,0,0,11,4,6,0,0,0,0,0,0,6
122,0,0,0,0,0,0,0,0,0,4,0,0,0,0,0,0,0,11,10,6,0,0,0,0,0,0,6
30,0,0,0,0,0,0,0,0,8,6,0,0,0,0,0,0,0,11,14,0,0,0,0,0,0,0,6
1,0,0,0,0,0,0,0,0,8,6,0,0,0,0,0,0,0,11,16,2,0,0,0,0,0,0,6
365,0,0,0,0,0,0,0,0,10,6,0,0,0,0,0,0,0,61,14,4,0,0,0,0,0,0,0
365,0,0,0,0,0,0,0,0,10,6,0,0,0,0,0,0,0,4,14,4,0,0,0,0,0,0,0
365,0,0,0,0,0,0,0,0,10,6,0,0,0,0,0,0,0,49,14,4,0,0,0,0,0,0,0
365,0,0,0,0,0,0,0,0,10,6,0,0,0,0,0,0,0,34,14,4,0,0,0,0,0,0,0
4206,0,0,0,0,0,0,0,0,10,6,0,0,0,0,0,0,0,0,14,4,0,0,0,0,0,0,0
615,0,0,0,0,0,0,0,0,2,4,0,0,0,0,0,0,0,0,16,2,0,0,0,0,0,0,0
17174,0,0,0,0,0,0,0,0,2,2,0,0,0,0,0,0,0,0,16,2,0,0,0,0,0,0,0
47647,0,0,0,0,0,0,0,0,2,2,0,0,0,0,0,0,0,0,6,6,0,0,0,0,0,0,0
29,0,0,0,0,0,16,0,0,2,2,0,0,0,0,0,0,0,0,6,6,0,0,0,0,0,0,0
66,0,0,0,0,0,0,0,0,8,2,0,0,0,0,0,0,0,0,14,0,0,0,0,0,0,0,4
89,0,0,0,0,0,0,0,0,8,2,0,0,0,0,0,0,0,0,12,4,0,0,0,0,0,0,4
30,0,0,0,0,0,0,0,0,8,2,0,0,0,0,0,0,0,0,10,6,0,0,0,0,0,0,4
2,0,0,0,0,0,0,0,0,10,6,0,0,0,0,0,0,0,0,16,4,0,0,0,0,0,0,4
178,0,0,0,0,0,0,0,0,10,6,0,0,0,0,0,0,0,0,14,0,0,0,0,0,0,0,4
32,0,0,0,0,0,18,0,0,5,0,0,0,0,0,0,0,0,0,6,0,0,0,0,0,0,0,8
151,0,0,0,0,0,0,0,0,5,0,0,0,0,0,0,0,0,0,6,0,0,0,0,0,0,0,8
61,0,0,0,0,0,0,0,0,5,0,0,0,0,0,0,0,0,0,6,2,0,0,0,0,0,0,8
15,0,0,0,0,0,0,0,0,5,0,0,0,0,0,0,0,0,0,2,6,0,0,0,0,0,0,8
30,0,0,0,0,0,0,0,0,8,0,0,0,0,0,0,0,0,0,14,2,0,0,0,0,0,0,8
1,0,0,0,0,0,0,0,0,8,0,0,0,0,0,0,0,0,0,16,6,0,0,0,0,0,0,8
45,0,0,0,0,0,0,0,0,2,6,0,0,0,0,0,0,0,0,2,6,0,0,0,0,0,0,8
30,0,0,0,0,0,0,0,0,2,6,0,0,0,0,0,0,0,0,16,6,0,0,0,0,0,0,8
31,0,0,0,0,0,6,0,0,5,0,0,0,0,0,0,0,0,0,6,4,0,0,0,0,0,0,10
273,0,0,0,0,0,0,0,0,5,0,0,0,0,0,0,0,0,0,6,4,0,0,0,0,0,0,10
30,0,0,0,0,0,0,0,0,5,0,0,0,0,0,0,0,0,0,16,2,0,0,0,0,0,0,10
1,0,0,0,0,0,40,0,0,5,0,0,0,0,0,0,0,0,0,16,2,0,0,0,0,0,0,10
30,0,0,0,0,0,40,0,0,2,6,0,0,0,0,0,0,0,0,14,0,0,0,0,0,0,0,10
92,0,0,0,0,0,0,0,0,10,6,0,0,0,0,0,0,0,0,8,6,0,0,0,0,0,0,12
32,0,0,0,0,0,2,0,0,2,4,0,0,0,0,0,0,0,0,6,4,0,0,0,0,0,0,2
9,0,0,0,0,0,43,0,0,2,4,0,0,0,0,0,0,0,0,6,4,0,0,0,0,0,0,2
22,0,0,0,0,0,43,0,0,2,4,0,0,0,0,0,0,0,0,8,4,0,0,0,0,0,0,2
9,0,0,0,0,0,10,0,0,2,4,0,0,0,0,0,0,0,0,8,4,0,0,0,0,0,0,2
22,0,0,0,0,0,10,0,0,8,2,0,0,0,0,0,0,0,0,2,6,0,0,0,0,0,0,2
9,0,0,0,0,0,0,0,0,8,2,0,0,0,0,0,0,0,0,2,6,0,0,0,0,0,0,2
112,0,0,0,0,0,0,0,0,8,2,0,0,0,0,0,0,0,0,10,4,0,0,0,0,0,0,2
1,0,0,0,0,0,36,0,0,8,2,0,0,0,0,0,0,0,0,10,4,0,0,0,0,0,0,2
59,0,0,0,0,0,34,0,0,8,2,0,0,0,0,0,0,0,0,10,4,0,0,0,0,0,0,2
59,0,0,0,0,0,30,0,0,8,2,0,0,0,0,0,0,0,0,10,4,0,0,0,0,0,0,2
31,0,0,0,0,0,30,0,0,8,2,0,0,0,0,0,0,0,0,12,4,0,0,0,0,0,0,2
1,0,0,0,0,0,40,0,0,0,0,0,0,0,0,0,0,0,44,16,0,0,0,0,0,0,0,0
1,0,0,0,0,0,0,0,0,0,0,0,0,0,0,0,0,0,44,16,0,0,0,0,0,0,0,8
1,0,0,0,0,0,0,0,0,0,0,0,0,0,0,0,0,0,44,16,6,0,0,0,0,0,0,8
1,0,0,0,0,0,0,0,0,0,0,0,0,0,0,0,0,0,59,16,6,0,0,0,0,0,0,8
1,0,0,0,0,0,0,0,0,0,0,0,0,0,0,0,0,0,59,16,0,0,0,0,0,0,0,10
1,0,0,0,0,0,0,0,0,0,0,0,0,0,0,0,0,0,59,0,4,0,0,0,0,0,0,4
1,0,0,0,0,0,0,0,0,0,0,0,0,0,0,0,0,0,59,0,0,0,0,0,0,0,0,4
1,0,0,0,0,0,0,0,0,0,0,0,0,0,0,0,0,0,0,0,0,0,0,0,0,0,0,4
1,0,0,0,0,0,16,0,0,0,0,0,0,0,0,0,0,0,0,0,0,0,0,0,0,0,0,4
1,0,0,0,0,0,40,0,0,0,0,0,0,0,0,0,0,0,0,0,0,0,0,0,0,0,0,4
1,0,0,0,0,0,0,0,0,0,0,0,0,0,0,0,0,0,0,16,0,0,0,0,0,0,0,9
1,0,0,0,0,0,40,0,0,0,0,0,0,0,0,0,0,0,0,4,0,0,0,0,0,0,0,6
1,0,0,0,0,0,2,0,0,0,0,0,0,0,0,0,0,0,0,12,0,0,0,0,0,0,0,2
1,0,0,0,0,0,0,0,0,0,0,0,0,0,0,0,0,0,0,12,0,0,0,0,0,0,0,2
1,0,0,0,0,0,0,0,0,0,0,0,0,0,0,0,0,0,0,4,4,0,0,0,0,0,0,6
1,0,0,0,0,0,40,0,0,0,0,0,0,0,0,0,0,0,0,4,4,0,0,0,0,0,0,6
1,0,0,0,0,0,0,0,0,0,0,0,0,0,0,0,0,0,0,10,0,0,0,0,0,0,0,4
1,0,0,0,0,0,0,0,0,0,0,0,0,0,0,0,0,0,0,0,0,0,0,0,0,0,0,6
1,0,0,0,0,0,0,0,0,0,0,0,0,0,0,0,0,0,0,16,0,0,0,0,0,0,0,2
1,0,0,0,0,0,0,0,0,0,0,0,0,0,0,0,0,0,6,16,0,0,0,0,0,0,0,2
1,0,0,0,0,0,2,0,0,0,0,0,0,0,0,0,0,0,6,14,0,0,0,0,0,0,0,10
1,0,0,0,0,0,40,0,0,0,0,0,0,0,0,0,0,0,6,14,0,0,0,0,0,0,0,10
1,0,0,0,0,0,14,0,0,0,0,0,0,0,0,0,0,0,6,14,0,0,0,0,0,0,0,10
1,0,0,0,0,0,43,0,0,0,0,0,0,0,0,0,0,0,6,14,0,0,0,0,0,0,0,10
1,0,0,0,0,0,0,0,0,0,0,0,0,0,0,0,0,0,6,14,0,0,0,0,0,0,0,10
1,0,0,0,0,0,0,0,0,0,0,0,0,0,0,0,0,0,6,2,0,0,0,0,0,0,0,2
1,0,0,0,0,0,0,0,0,0,0,0,0,0,0,0,0,0,6,12,0,0,0,0,0,0,0,2
1,0,0,0,0,0,0,0,0,0,0,0,0,0,0,0,0,0,6,5,4,0,0,0,0,0,0,6
1,0,0,0,0,0,0,0,0,0,0,0,0,0,0,0,0,0,6,5,0,0,0,0,0,0,0,6
1,0,0,0,0,0,0,0,0,0,0,0,0,0,0,0,0,0,61,5,0,0,0,0,0,0,0,6
1,0,0,0,0,0,6,0,0,0,6,0,0,0,0,0,0,0,60,12,2,0,0,0,0,0,0,2
1,0,0,0,0,0,0,0,0,2,4,0,0,0,0,0,0,0,52,14,2,0,0,0,0,0,0,10
1,0,0,0,0,0,0,0,0,5,4,0,0,0,0,0,0,0,52,14,2,0,0,0,0,0,0,10
1,0,0,0,0,0,0,0,0,2,4,0,0,0,0,0,0,0,2,4,2,0,0,0,0,0,0,12
1,0,0,0,0,0,0,0,0,2,2,0,0,0,0,0,0,0,2,4,2,0,0,0,0,0,0,12
1,0,0,0,0,0,0,0,0,5,4,0,0,0,0,0,0,0,2,16,2,0,0,0,0,0,0,10
1,0,0,0,0,0,0,0,0,5,4,0,0,0,0,0,0,0,2,14,2,0,0,0,0,0,0,10
1,0,0,0,0,0,0,0,0,5,4,0,0,0,0,0,0,0,2,12,2,0,0,0,0,0,0,10
1,0,0,0,0,0,0,0,0,5,4,0,0,0,0,0,0,0,26,12,2,0,0,0,0,0,0,10
1,0,0,0,0,0,0,0,0,0,0,0,0,0,0,0,0,0,26,16,2,0,0,0,0,0,0,6
1,0,0,0,0,0,0,0,0,0,0,0,0,0,0,0,0,0,26,0,2,0,0,0,0,0,0,6
1,0,0,0,0,0,0,0,0,2,0,0,0,0,0,0,0,0,26,0,2,0,0,0,0,0,0,6
1,0,0,0,0,0,0,0,0,0,6,0,0,0,0,0,0,0,26,0,2,0,0,0,0,0,0,6
1,0,0,0,0,0,0,0,0,0,6,0,0,0,0,0,0,0,26,14,2,0,0,0,0,0,0,6
1,0,0,0,0,0,0,0,0,0,6,0,0,0,0,0,0,0,26,4,2,0,0,0,0,0,0,6
1,0,0,0,0,0,0,0,0,0,6,0,0,0,0,0,0,0,26,6,2,0,0,0,0,0,0,6
1,0,0,0,0,0,0,0,0,0,6,0,0,0,0,0,0,0,0,6,2,0,0,0,0,0,0,6
1,0,0,0,0,0,0,0,0,2,0,0,0,0,0,0,0,0,0,6,2,0,0,0,0,0,0,6
1,0,0,0,0,0,0,0,0,0,6,0,0,0,0,0,0,0,0,16,2,0,0,0,0,0,0,4
1,0,0,0,0,0,0,0,0,0,6,0,0,0,0,0,0,0,0,12,2,0,0,0,0,0,0,4
1,0,0,0,0,0,2,0,0,0,6,0,0,0,0,0,0,0,0,12,2,0,0,0,0,0,0,4
1,0,0,0,0,0,2,0,0,2,2,0,0,0,0,0,0,0,0,12,2,0,0,0,0,0,0,4
1,0,0,0,0,0,6,0,0,2,2,0,0,0,0,0,0,0,0,16,2,0,0,0,0,0,0,4
1,0,0,0,0,0,0,0,0,2,0,0,0,0,0,0,0,0,26,4,2,0,0,0,0,0,0,6
1,0,0,0,0,0,6,0,0,2,0,0,0,0,0,0,0,0,26,4,2,0,0,0,0,0,0,6
1,0,0,0,0,0,0,0,0,5,4,0,0,0,0,0,0,0,26,16,6,0,0,0,0,0,0,8
1,0,0,0,0,0,0,0,0,5,4,0,0,0,0,0,0,0,20,16,6,0,0,0,0,0,0,8
1,0,0,0,0,0,0,0,0,5,4,0,0,0,0,0,0,0,0,16,6,0,0,0,0,0,0,8
1,0,0,0,0,0,0,0,0,10,6,0,0,0,0,0,0,0,0,16,6,0,0,0,0,0,0,8
1,0,0,0,0,0,0,0,0,10,6,0,0,0,0,0,0,0,0,14,6,0,0,0,0,0,0,8
1,0,0,0,0,0,0,0,0,10,6,0,0,0,0,0,0,0,0,6,6,0,0,0,0,0,0,8
1,0,0,0,0,0,0,0,0,5,4,0,0,0,0,0,0,0,0,6,6,0,0,0,0,0,0,8
1,0,0,0,0,0,0,0,0,5,4,0,0,0,0,0,0,0,0,6,0,0,0,0,0,0,0,8
1,0,0,0,0,0,0,0,0,10,6,0,0,0,0,0,0,0,0,6,0,0,0,0,0,0,0,8
1,0,0,0,0,0,0,0,0,5,4,0,0,0,0,0,0,0,0,6,2,0,0,0,0,0,0,8
1,0,0,0,0,0,0,0,0,5,4,0,0,0,0,0,0,0,48,6,2,0,0,0,0,0,0,8
1,0,0,0,0,0,0,0,0,5,4,0,0,0,0,0,0,0,63,6,2,0,0,0,0,0,0,8
1,0,0,0,0,0,0,0,0,10,6,0,0,0,0,0,0,0,63,6,2,0,0,0,0,0,0,8
1,0,0,0,0,0,0,0,0,10,6,0,0,0,0,0,0,0,60,6,2,0,0,0,0,0,0,8
1,0,0,0,0,0,0,0,0,0,6,0,0,0,0,0,0,0,60,2,2,0,0,0,0,0,0,2
1,0,0,0,0,0,0,0,0,0,6,0,0,0,0,0,0,0,60,6,2,0,0,0,0,0,0,2
1,0,0,0,0,0,0,0,0,10,6,0,0,0,0,0,0,0,60,6,2,0,0,0,0,0,0,2
1,0,0,0,0,0,0,0,0,10,6,0,0,0,0,0,0,0,0,6,2,0,0,0,0,0,0,2
1,0,0,0,0,0,0,0,0,10,6,0,0,0,0,0,0,0,0,12,2,0,0,0,0,0,0,2
1,0,0,0,0,0,0,0,0,2,2,0,0,0,0,0,0,0,0,12,2,0,0,0,0,0,0,2
1,0,0,0,0,0,0,0,0,2,4,0,0,0,0,0,0,0,0,12,2,0,0,0,0,0,0,2
1,0,0,0,0,0,0,0,0,2,0,0,0,0,0,0,0,0,60,14,2,0,0,0,0,0,0,6
1,0,0,0,0,0,0,0,0,2,0,0,0,0,0,0,0,0,34,14,2,0,0,0,0,0,0,6
1,0,0,0,0,0,30,0,0,0,0,0,0,0,0,0,0,0,0,0,0,0,0,0,0,0,0,0
1,0,0,0,0,0,34,0,0,0,0,0,0,0,0,0,0,0,0,0,0,0,0,0,0,0,0,0
1,0,0,0,0,0,0,0,0,0,0,0,0,0,0,0,0,0,0,0,0,0,0,0,0,0,0,0
1,0,0,0,0,0,0,0,0,0,0,0,0,0,0,0,0,0,20,0,0,0,0,0,0,0,0,0
1,0,0,0,0,0,0,0,0,0,0,0,0,0,0,0,0,0,20,0,0,0,0,0,0,0,0,4
1,0,0,0,0,0,34,0,0,0,0,0,0,0,0,0,0,0,20,0,0,0,0,0,0,0,0,4
1,0,0,0,0,0,18,0,0,0,0,0,0,0,0,0,0,0,6,10,6,0,0,0,0,0,0,4
1,0,0,0,0,0,18,0,0,0,0,0,0,0,0,0,0,0,6,4,6,0,0,0,0,0,0,4
1,0,0,0,0,0,10,0,0,0,0,0,0,0,0,0,0,0,6,4,6,0,0,0,0,0,0,5
1,0,0,0,0,0,2,0,0,0,0,0,0,0,0,0,0,0,6,4,6,0,0,0,0,0,0,4
1,0,0,0,0,0,0,0,0,0,0,0,0,0,0,0,0,0,6,4,0,0,0,0,0,0,0,8
1,0,0,0,0,0,0,0,0,0,0,0,0,0,0,0,0,0,6,4,6,0,0,0,0,0,0,5
1,0,0,0,0,0,0,0,0,0,0,0,0,0,0,0,0,0,6,2,6,0,0,0,0,0,0,6
1,0,0,0,0,0,0,0,0,0,0,0,0,0,0,0,0,0,0,2,6,0,0,0,0,0,0,6
1,0,0,0,0,0,0,0,0,0,0,0,0,0,0,0,0,0,0,4,6,0,0,0,0,0,0,6
1,0,0,0,0,0,0,0,0,0,0,0,0,0,0,0,0,0,0,6,6,0,0,0,0,0,0,6
1,0,0,0,0,0,0,0,0,0,0,0,0,0,0,0,0,0,0,12,6,0,0,0,0,0,0,2
1,0,0,0,0,0,0,0,0,0,0,0,0,0,0,0,0,0,0,2,6,0,0,0,0,0,0,2
1,0,0,0,0,0,0,0,0,0,0,0,0,0,0,0,0,0,0,4,6,0,0,0,0,0,0,2
1,0,0,0,0,0,0,0,0,0,0,0,0,0,0,0,0,0,0,4,6,0,0,0,0,0,0,4
1,0,0,0,0,0,0,0,0,0,0,0,0,0,0,0,0,0,0,14,6,0,0,0,0,0,0,10
1,0,0,0,0,0,0,0,0,0,0,0,0,0,0,0,0,0,0,16,6,0,0,0,0,0,0,10
1,0,0,0,0,0,0,0,0,0,0,0,0,0,0,0,0,0,0,4,6,0,0,0,0,0,0,10
1,0,0,0,0,0,0,0,0,0,0,0,0,0,0,0,0,0,0,4,0,0,0,0,0,0,0,8
1,0,0,0,0,0,0,0,0,0,0,0,0,0,0,0,0,0,50,4,0,0,0,0,0,0,0,8
1,0,0,0,0,0,0,0,0,0,0,0,0,0,0,0,0,0,50,4,6,0,0,0,0,0,0,8
1,0,0,0,0,0,25,0,0,0,0,0,0,0,0,0,0,0,50,4,6,0,0,0,0,0,0,9
1,0,0,0,0,0,25,0,0,0,0,0,0,0,0,0,0,0,11,4,6,0,0,0,0,0,0,9
1,0,0,0,0,0,2,0,0,0,0,0,0,0,0,0,0,0,0,0,0,0,0,0,0,0,0,6
1,0,0,0,0,0,0,0,0,0,0,0,0,0,0,0,0,0,0,0,0,0,0,0,0,0,0,2
1,0,0,0,0,0,2,0,0,0,0,0,0,0,0,0,0,0,0,0,0,0,0,0,0,0,0,2
1,0,0,0,0,0,0,0,0,0,0,0,0,0,0,0,0,0,0,16,0,0,0,0,0,0,0,0
1,0,0,0,0,0,0,0,0,0,0,0,0,0,0,0,0,0,0,16,0,0,0,0,0,0,0,6
1,0,0,0,0,0,2,0,0,0,0,0,0,0,0,0,0,0,0,16,0,0,0,0,0,0,0,6
