58,22,18035
703,10,0,4,0,24,0,0,0,0,0,0,0,0,0,0,0,0,0,0,0,0
6567,0,0,0,0,0,0,0,0,0,0,0,0,0,0,0,0,0,0,0,0,0
8,0,0,8,0,0,0,0,0,6,0,0,0,6,0,6,0,0,0,0,0,0
1082,0,0,8,0,0,0,0,0,2,0,0,0,0,0,0,0,0,0,0,0,0
48,0,0,8,0,0,0,0,0,0,0,0,0,6,0,0,0,0,0,0,0,0
669,0,0,8,0,0,0,0,0,0,0,0,0,0,0,0,0,0,0,0,0,0
3,0,0,14,0,0,0,0,0,0,0,0,0,0,0,12,0,0,0,0,0,0
4,0,0,12,0,0,0,6,0,0,0,0,0,0,0,0,0,0,0,10,14,0
1793,0,0,6,0,0,0,0,0,0,0,0,0,0,0,0,0,0,0,0,0,0
321,0,0,16,0,0,0,0,0,0,0,0,0,2,0,0,0,0,0,0,0,0
934,8,0,14,0,4,0,0,0,0,0,0,0,0,0,0,0,0,0,0,0,0
164,0,0,10,0,2,0,2,0,0,0,0,0,0,0,0,0,0,0,0,0,0
18,0,0,16,0,2,0,0,0,0,0,0,0,0,0,0,0,0,0,0,0,0
19,10,0,6,0,24,0,0,0,2,0,0,0,0,0,0,0,0,0,0,0,0
221,0,0,16,0,2,0,0,0,0,0,0,0,0,0,10,0,0,0,0,0,0
35,0,0,16,0,2,0,0,0,0,0,0,0,0,0,2,0,0,0,0,0,0
36,0,0,16,0,2,0,0,0,0,0,0,0,0,0,4,0,0,0,0,0,0
3,0,0,12,0,18,0,4,0,2,0,0,0,0,0,0,0,0,0,10,8,0
372,0,0,10,0,2,0,0,0,0,0,0,0,0,0,0,0,0,0,0,0,0
168,0,0,4,0,0,0,0,0,0,0,0,0,4,0,0,0,0,0,0,0,0
1211,0,0,20,0,2,0,0,0,0,0,0,0,0,0,0,0,0,0,0,0,0
2706,0,0,14,0,0,0,0,0,0,0,0,0,0,0,0,0,0,0,0,0,0
915,0,0,4,0,0,0,0,0,0,0,0,0,0,0,0,0,0,0,0,0,0
1,0,0,8,0,0,0,0,0,0,0,0,0,0,0,2,0,0,0,0,0,0
1,0,0,18,0,0,0,0,0,0,0,0,0,0,0,0,0,0,0,0,0,0
1,14,0,4,0,20,0,0,0,0,0,0,0,0,0,0,0,0,0,0,0,0
1,18,0,16,0,12,0,0,0,0,0,0,0,0,0,12,0,0,0,0,0,0
1,18,0,16,0,12,0,0,0,0,0,0,0,0,0,0,0,0,0,0,0,0
1,14,0,8,0,0,0,0,0,0,0,0,0,0,0,0,0,0,0,0,0,0
1,14,0,8,0,0,0,0,0,0,0,0,0,6,0,0,0,0,0,0,0,0
1,10,0,8,0,0,0,0,0,0,0,0,0,0,0,0,0,0,0,0,0,0
1,10,0,8,0,0,0,0,0,0,0,0,0,2,0,0,0,0,0,0,0,0
1,10,0,8,0,0,0,0,0,0,0,0,0,0,0,12,0,0,0,0,0,0
1,18,0,8,0,0,0,0,0,0,0,0,0,0,0,0,0,0,0,0,0,0
1,18,0,10,0,12,0,0,0,0,0,0,0,0,0,0,0,0,0,0,0,0
1,8,0,12,0,14,0,0,0,0,0,0,0,0,0,0,0,0,0,0,0,0
1,14,0,6,0,22,0,0,0,0,0,0,0,4,0,0,0,0,0,0,0,0
1,14,0,6,0,22,0,0,0,0,0,0,0,0,0,0,0,0,0,0,0,0
1,4,0,6,0,22,0,0,0,0,0,0,0,0,0,0,0,0,0,0,0,0
1,8,0,6,0,22,0,0,0,0,0,0,0,0,0,0,0,0,0,0,0,0
1,8,0,6,0,22,0,0,0,0,0,0,0,2,0,0,0,0,0,0,0,0
1,14,0,6,0,28,0,0,0,0,0,0,0,0,0,0,0,0,0,0,0,0
1,18,0,6,0,28,0,0,0,0,0,0,0,0,0,0,0,0,0,0,0,0
1,10,0,6,0,0,0,0,0,0,0,0,0,0,0,0,0,0,0,0,0,0
1,8,0,6,0,0,0,0,0,0,0,0,0,0,0,0,0,0,0,0,0,0
1,10,0,6,0,28,0,0,0,0,0,0,0,0,0,0,0,0,0,0,0,0
1,0,0,0,0,0,0,0,0,2,0,0,0,0,0,0,0,0,0,0,0,0
1,0,0,0,0,0,0,0,0,6,0,0,0,0,0,6,0,0,0,0,0,0
1,0,0,0,0,0,0,0,0,0,0,0,0,0,0,6,0,0,0,0,0,0
1,0,0,0,0,0,0,0,0,6,0,0,0,0,0,0,0,0,0,0,0,0
1,0,0,14,0,0,0,0,0,6,0,0,0,0,0,0,0,0,0,0,0,0
1,0,0,20,0,0,0,0,0,6,0,0,0,0,0,0,0,0,0,0,0,0
1,0,0,14,0,0,0,0,0,0,0,0,0,0,0,6,0,0,0,0,0,0
1,0,0,8,0,0,0,0,0,0,0,0,0,0,0,6,0,0,0,0,0,0
1,0,0,16,0,0,0,0,0,0,0,0,0,0,0,6,0,0,0,0,0,0
1,0,0,4,0,0,0,0,0,0,0,0,0,0,0,6,0,0,0,0,0,0
1,0,0,14,0,0,0,0,0,6,0,0,0,0,0,6,0,0,0,0,0,0
1,0,0,20,0,0,0,0,0,6,0,0,0,0,0,4,0,0,0,0,0,0
