120,18,417
142,73129,703,0,0,0,0,2,0,0,0,0,0,0,0,0,0,0
157,73129,703,0,0,0,0,2,0,0,0,2,0,0,0,0,0,0
1,73129,703,0,0,0,0,4,0,0,0,0,0,0,0,0,0,0
1,73049,703,0,0,0,0,0,0,0,0,0,0,0,0,0,0,0
1,73050,17085,0,0,0,0,0,0,0,0,0,0,0,0,0,0,0
1,73051,17085,0,0,0,0,0,0,0,0,0,0,0,0,0,0,0
1,73052,17085,0,0,0,0,0,0,0,0,0,0,0,0,0,0,0
1,73053,17085,0,0,0,0,0,0,0,0,0,0,0,0,0,0,0
1,73054,17085,0,0,0,0,0,0,0,0,0,0,0,0,0,0,0
1,73055,17085,0,0,0,0,0,0,0,0,0,0,0,0,0,0,0
1,73056,17085,0,0,0,0,0,0,0,0,0,0,0,0,0,0,0
1,73057,8408,0,0,0,0,0,0,0,0,0,0,0,0,0,0,0
1,73057,18000,0,0,0,0,0,0,0,0,0,0,0,0,0,0,0
1,73058,8408,0,0,0,0,0,0,0,0,0,0,0,0,0,0,0
1,73059,17085,0,0,0,0,0,0,0,0,0,0,0,0,0,0,0
1,73060,8408,0,0,0,0,0,0,0,0,0,0,0,0,0,0,0
1,73061,18001,0,0,0,0,0,0,0,0,0,0,0,0,0,0,0
1,73062,17085,0,0,0,0,0,0,0,0,0,0,0,0,0,0,0
1,73063,17085,0,0,0,0,0,0,0,0,0,0,0,0,0,0,0
1,73064,8408,0,0,0,0,0,0,0,0,0,0,0,0,0,0,0
1,73065,17085,0,0,0,0,0,0,0,0,0,0,0,0,0,0,0
1,73066,17085,0,0,0,0,0,0,0,0,0,0,0,0,0,0,0
1,73067,17085,0,0,0,0,0,0,0,0,0,0,0,0,0,0,0
1,73068,17085,0,0,0,0,0,0,0,0,0,0,0,0,0,0,0
1,73069,18001,0,0,0,0,0,0,0,0,0,0,0,0,0,0,0
1,73070,18001,0,0,0,0,0,0,0,0,0,0,0,0,0,0,0
1,73071,18001,0,0,0,0,0,0,0,0,0,0,0,0,0,0,0
1,73072,18001,0,0,0,0,0,0,0,0,0,0,0,0,0,0,0
1,73073,17085,0,0,0,0,0,0,0,0,0,0,0,0,0,0,0
1,73074,17085,0,0,0,0,0,0,0,0,0,0,0,0,0,0,0
1,73075,17085,0,0,0,0,0,0,0,0,0,0,0,0,0,0,0
1,73076,17085,0,0,0,0,0,0,0,0,0,0,0,0,0,0,0
1,73077,17085,0,0,0,0,0,0,0,0,0,0,0,0,0,0,0
1,73078,17085,0,0,0,0,0,0,0,0,0,0,0,0,0,0,0
1,73079,18002,0,0,0,0,0,0,0,0,0,0,0,0,0,0,0
1,73080,18003,0,0,0,0,0,0,0,0,0,0,0,0,0,0,0
1,73080,18004,0,0,0,0,0,0,0,0,0,0,0,0,0,0,0
1,73081,18004,0,0,0,0,0,0,0,0,0,0,0,0,0,0,0
1,73082,18005,0,0,0,0,0,0,0,0,0,0,0,0,0,0,0
1,73083,18005,0,0,0,0,0,0,0,0,0,0,0,0,0,0,0
1,73084,18005,0,0,0,0,0,0,0,0,0,0,0,0,0,0,0
1,73084,18006,0,0,0,0,0,0,0,0,0,0,0,0,0,0,0
1,73085,18005,0,0,0,0,0,0,0,0,0,0,0,0,0,0,0
1,73086,18005,0,0,0,0,0,0,0,0,0,0,0,0,0,0,0
1,73087,18007,0,0,0,0,0,0,0,0,0,0,0,0,0,0,0
1,73088,18008,0,0,0,0,0,0,0,0,0,0,0,0,0,0,0
1,73088,18007,0,0,0,0,0,0,0,0,0,0,0,0,0,0,0
1,73089,18007,0,0,0,0,0,0,0,0,0,0,0,0,0,0,0
1,73090,18007,0,0,0,0,0,0,0,0,0,0,0,0,0,0,0
1,73091,18007,0,0,0,0,0,0,0,0,0,0,0,0,0,0,0
1,73091,18009,0,0,0,0,0,0,0,0,0,0,0,0,0,0,0
1,73092,18007,0,0,0,0,0,0,0,0,0,0,0,0,0,0,0
1,73093,18007,0,0,0,0,0,0,0,0,0,0,0,0,0,0,0
1,73094,18007,0,0,0,0,0,0,0,0,0,0,0,0,0,0,0
1,73095,18010,0,0,0,0,0,0,0,0,0,0,0,0,0,0,0
1,73096,18010,0,0,0,0,0,0,0,0,0,0,0,0,0,0,0
1,73097,18010,0,0,0,0,0,0,0,0,0,0,0,0,0,0,0
1,73098,18010,0,0,0,0,0,0,0,0,0,0,0,0,0,0,0
1,73099,18010,0,0,0,0,0,0,0,0,0,0,0,0,0,0,0
1,73100,18010,0,0,0,0,0,0,0,0,0,0,0,0,0,0,0
1,73101,18011,0,0,0,0,0,0,0,0,0,0,0,0,0,0,0
1,73102,18012,0,0,0,0,4,0,0,0,0,0,0,0,0,0,0
1,73103,18012,0,0,0,0,4,0,0,0,0,0,0,0,0,0,0
1,73104,18013,0,0,0,0,0,0,0,0,0,0,0,0,0,0,0
1,73104,18013,0,0,0,0,0,2,0,0,0,0,0,0,0,0,0
1,73104,18014,0,0,0,0,0,2,0,0,0,0,0,0,0,0,0
1,73105,18015,0,0,0,0,0,2,0,0,0,0,0,0,0,0,0
1,73105,18015,0,0,0,0,0,0,0,0,0,0,0,0,0,0,0
1,73106,18016,0,0,0,0,0,0,0,0,0,0,0,0,0,0,0
1,73107,18016,0,0,0,0,0,0,0,0,0,0,0,0,0,0,0
1,73108,18016,0,0,0,0,0,0,0,0,0,0,0,0,0,0,0
1,73108,18017,0,0,0,0,0,0,0,0,0,0,0,0,0,0,0
1,73109,18016,0,0,0,0,2,0,0,0,0,0,0,0,0,0,0
1,73110,18016,0,0,0,0,2,0,0,0,0,0,0,0,0,0,0
1,73111,18016,0,0,0,0,2,0,0,0,0,0,0,0,0,0,0
1,73112,18016,0,0,0,0,2,0,0,0,0,0,0,0,0,0,0
1,73113,18016,0,0,0,0,2,0,0,0,0,0,0,0,0,0,0
1,73114,18018,0,0,0,0,2,0,0,0,0,0,0,0,0,0,0
1,73115,18019,0,0,0,0,2,0,0,0,0,0,0,0,0,0,0
1,73116,18019,0,0,0,0,2,0,0,0,0,0,0,0,0,0,0
1,73117,18018,0,0,0,0,2,0,0,0,0,0,0,0,0,0,0
1,73118,18020,0,0,0,0,0,0,0,0,0,0,0,0,0,0,0
1,73119,18020,0,0,0,0,0,0,0,0,0,0,0,0,0,0,0
1,73120,18020,0,0,0,0,0,0,0,0,0,0,0,0,0,0,0
1,73121,18021,0,0,0,0,0,0,0,0,0,0,0,0,0,0,0
1,73122,18021,0,0,0,0,0,0,0,0,0,0,0,0,0,0,0
1,73123,18021,0,0,0,0,0,0,0,0,0,0,0,0,0,0,0
1,73124,18021,0,0,0,0,0,0,0,0,0,0,0,0,0,0,0
1,73125,18018,0,0,0,0,0,0,0,0,2,0,0,0,0,0,0
1,73125,18018,0,0,0,0,0,0,0,0,0,0,0,0,0,0,0
1,73126,18022,0,0,0,0,0,0,0,0,0,0,0,0,0,0,0
1,73126,18022,0,0,0,0,0,0,0,0,2,0,0,0,0,0,0
1,73133,18025,0,0,0,0,0,0,0,0,0,0,0,0,0,0,0
1,73134,18025,0,0,0,0,0,0,0,0,0,0,0,0,0,0,0
1,73135,18026,0,0,0,0,0,0,0,0,0,0,0,0,0,0,0
1,73135,18027,0,0,0,0,0,0,0,0,0,0,0,0,0,0,0
1,73136,18028,0,0,0,0,0,0,0,0,0,0,0,0,0,0,0
1,73137,18029,0,0,0,0,0,0,0,0,0,0,0,0,0,0,0
1,73138,18029,0,0,0,0,0,0,0,0,0,0,0,0,0,0,0
1,73139,18025,0,0,0,0,2,0,0,0,0,0,0,0,0,0,0
1,73140,18025,0,0,0,0,2,0,0,0,0,0,0,0,0,0,0
1,73141,18025,0,0,0,0,2,0,0,0,0,0,0,0,0,0,0
1,73142,18025,0,0,0,0,2,0,0,0,0,0,0,0,0,0,0
1,73141,18030,0,0,0,0,2,0,0,0,0,0,0,0,0,0,0
1,73143,18031,0,0,0,0,0,0,0,0,0,0,0,0,0,0,0
1,73144,18031,0,0,0,0,0,0,0,0,0,0,0,0,0,0,0
1,73143,18032,0,0,0,0,0,0,0,0,0,0,0,0,0,0,0
1,73145,18025,0,0,0,0,0,0,0,0,0,0,0,0,0,0,0
1,73146,18025,0,0,0,0,0,0,0,0,0,0,0,0,0,0,0
1,73147,18031,0,0,0,0,2,2,0,0,0,0,0,0,0,0,0
1,73148,18031,0,0,0,0,2,2,0,0,0,0,0,0,0,0,0
1,73149,18031,0,0,0,0,2,2,0,0,0,0,0,0,0,0,0
1,73150,18029,0,0,0,0,2,2,0,0,0,0,0,0,0,0,0
1,73150,18029,0,0,0,0,0,0,0,0,0,0,0,0,0,0,0
1,73151,18029,0,0,0,0,0,0,0,0,0,0,0,0,0,0,0
1,73152,18029,0,0,0,0,0,0,0,0,0,0,0,0,0,0,0
1,73152,18033,0,0,0,0,0,0,0,0,0,0,0,0,0,0,0
1,73153,18028,0,0,0,0,0,0,0,0,0,0,0,0,0,0,0
1,73154,18028,0,0,0,0,0,0,0,0,0,0,0,0,0,0,0
1,73154,18034,0,0,0,0,0,0,0,0,0,0,0,0,0,0,0
