94,23,2880404
2471,100035,50000,1865920,73079,7202,18002,331,12,1800,10,0,0,0,0,0,15,0,0,0,22,0,12
1301,100035,50000,1865920,73079,7202,18002,331,13,19800,10,0,0,0,0,0,15,0,0,0,22,0,12
2112,100036,31754,1865920,73079,7202,18002,331,13,19800,10,0,0,0,0,0,15,0,0,0,22,0,12
68,100037,50000,1865920,73080,7203,18003,332,14,19800,10,0,0,0,0,0,15,0,0,0,22,0,12
5800,100037,50000,1865920,73080,7203,18004,333,14,19800,10,0,0,0,0,0,15,0,0,0,22,0,12
22407,100038,50000,1865920,73081,7202,18004,334,15,19800,10,0,0,0,0,0,15,0,0,0,22,0,12
29028,100038,50000,1865920,73081,7202,18004,334,15,19800,4,0,0,0,0,0,18,0,0,0,6,0,0
5142,100038,50000,1865920,73081,7202,18004,334,15,19800,18,0,0,0,0,0,12,0,0,0,2,0,16
19067,100039,50000,1865920,73082,7202,18005,335,16,19800,18,0,0,0,0,0,12,0,0,0,2,0,16
11387,100040,50000,1865920,73083,7204,18005,336,17,86400,18,0,0,0,0,0,12,0,0,0,2,0,16
30087,100040,50000,1865920,73083,7204,18005,336,17,86400,4,0,0,0,0,0,22,0,0,0,18,0,4
75625,100040,50000,1865920,73083,7204,18005,336,17,86400,0,0,0,0,0,0,0,0,0,0,14,0,0
93925,100041,50000,1865920,73084,7202,18005,337,18,19800,0,0,0,0,0,0,0,0,0,0,14,0,0
240,100041,50000,1865920,73084,7202,18006,338,18,19800,0,0,0,0,0,0,0,0,0,0,14,0,0
25850,100042,50000,1865920,73085,7202,18005,339,19,19800,0,0,0,0,0,0,0,0,0,0,14,0,0
300101,100043,50000,1865920,73086,7202,18005,340,20,19800,0,0,0,0,0,0,0,0,0,0,14,0,0
66769,100044,50000,1865920,73087,7202,18007,341,21,19800,0,0,0,0,0,0,0,0,0,0,14,0,0
1579,100045,50000,1865920,73088,7202,18008,342,22,19800,0,0,0,0,0,0,0,0,0,0,14,0,0
7282,100045,50000,1865920,73088,7202,18007,343,22,19800,0,0,0,0,0,0,0,0,0,0,14,0,0
83891,100045,50000,1865920,73088,7202,18007,343,23,19800,0,0,0,0,0,0,0,0,0,0,14,0,0
237159,100046,50000,1865920,73089,7202,18007,344,24,19800,0,0,0,0,0,0,0,0,0,0,14,0,0
467,100047,50000,1865920,73090,7205,18007,345,25,19800,0,0,0,0,0,0,0,0,0,0,14,0,0
29180,100048,50000,1865920,73091,7202,18007,346,26,19800,0,0,0,0,0,0,0,0,0,0,14,0,0
380,100048,50000,1865920,73091,7202,18009,347,26,19800,0,0,0,0,0,0,0,0,0,0,14,0,0
80041,100049,50000,1865920,73092,7202,18007,348,27,19800,0,0,0,0,0,0,0,0,0,0,14,0,0
1604,100050,50000,1865920,73093,7202,18007,349,28,19800,0,0,0,0,0,0,0,0,0,0,14,0,0
855,100051,31754,1865920,73093,7202,18007,349,28,19800,0,0,0,0,0,0,0,0,0,0,14,0,0
4291,100052,50000,1865920,73094,7202,18007,350,29,19800,0,0,0,0,0,0,0,0,0,0,14,0,0
50031,100053,50000,1865920,73095,7202,18010,351,30,19800,0,0,0,0,0,0,0,0,0,0,14,0,0
25483,100054,50000,1865920,73096,7205,18010,352,31,19800,0,0,0,0,0,0,0,0,0,0,14,0,0
115196,100055,50000,1865920,73097,7202,18010,353,32,19800,0,0,0,0,0,0,0,0,0,0,14,0,0
355603,100056,50000,1865920,73098,7202,18010,354,33,19800,0,0,0,0,0,0,0,0,0,0,14,0,0
48296,100057,50000,1865920,73099,7202,18010,355,34,19800,0,0,0,0,0,0,0,0,0,0,14,0,0
10234,100058,50000,1865920,73100,7206,18010,356,35,3600,0,0,0,0,0,0,0,0,0,0,14,0,0
6764,100058,50000,1865920,73100,7206,18010,356,35,18000,0,0,0,0,0,0,0,0,0,0,14,0,0
661,100059,50000,1865920,73101,7206,18011,357,36,18000,0,0,0,0,0,0,0,0,0,0,14,0,0
7314,100060,50000,1893360,73101,7206,18011,357,37,18000,0,0,0,0,0,0,0,0,0,0,14,0,0
73,100060,50000,1893360,73101,7206,18011,357,36,18000,0,0,0,0,0,0,0,0,0,0,14,0,0
9998,100061,50000,1865920,73102,7205,18012,358,38,19800,0,0,0,0,0,0,0,0,0,0,14,0,0
5376,100062,50000,1865920,73103,7205,18012,359,39,19800,0,0,0,0,0,0,0,0,0,0,14,0,0
949,100063,50000,1865920,73103,7207,18012,359,40,86401,0,0,0,0,0,0,0,0,0,0,14,0,0
6657,100064,50000,1865920,73103,7208,18012,359,40,19800,0,0,0,0,0,0,0,0,0,0,14,0,0
125,100065,50000,1865920,73104,7202,18013,360,41,19800,0,0,0,0,0,0,0,0,0,0,14,0,0
836,100065,50000,1865920,73104,7202,18013,361,41,19800,0,0,0,0,0,0,0,0,0,0,14,0,0
1990,100065,50000,1865920,73104,7202,18014,362,41,19800,0,0,0,0,0,0,0,0,0,0,14,0,0
5245,100066,50000,1865920,73105,7202,18015,363,42,19800,0,0,0,0,0,0,0,0,0,0,14,0,0
417,100067,50000,1893360,73105,7202,18015,364,42,19800,0,0,0,0,0,0,0,0,0,0,14,0,0
22728,100068,50000,1893360,73106,7202,18016,365,43,19800,0,0,0,0,0,0,0,0,0,0,14,0,0
61955,100069,50000,1893360,73107,7202,18016,366,44,19800,0,0,0,0,0,0,0,0,0,0,14,0,0
85413,100070,50000,1893360,73108,7202,18016,367,45,19800,0,0,0,0,0,0,0,0,0,0,14,0,0
1480,100070,50000,1893360,73108,7202,18017,368,45,19800,0,0,0,0,0,0,0,0,0,0,14,0,0
46841,100071,50000,1893360,73109,7202,18016,369,46,19800,0,0,0,0,0,0,0,0,0,0,14,0,0
13025,100072,50000,1893360,73110,7202,18016,370,47,19800,0,0,0,0,0,0,0,0,0,0,14,0,0
104202,100073,50000,1893360,73111,7202,18016,371,48,19800,0,0,0,0,0,0,0,0,0,0,14,0,0
6628,100074,50000,1893360,73112,7209,18016,372,49,86401,0,0,0,0,0,0,0,0,0,0,14,0,0
4949,100074,50000,1893360,73112,7209,18016,372,49,3600,0,0,0,0,0,0,0,0,0,0,14,0,0
12942,100074,50000,1893360,73112,7209,18016,372,49,1800,0,0,0,0,0,0,0,0,0,0,14,0,0
22826,100074,50000,1893360,73112,7209,18016,372,49,0,0,0,0,0,0,0,0,0,0,0,14,0,0
6907,100074,50000,1893360,73112,7209,18016,372,49,5400,0,0,0,0,0,0,0,0,0,0,14,0,0
1432,100075,50000,1893360,73111,7210,18016,371,50,86401,0,0,0,0,0,0,0,0,0,0,14,0,0
2573,100075,50000,1893360,73111,7210,18016,371,50,5400,0,0,0,0,0,0,0,0,0,0,14,0,0
39562,100076,50000,1893360,73111,7204,18016,371,50,86400,0,0,0,0,0,0,0,0,0,0,14,0,0
22816,100077,50000,1893360,73111,7211,18016,371,51,86402,0,0,0,0,0,0,0,0,0,0,14,0,0
1294,100077,50000,1893360,73111,7211,18016,371,51,9000,0,0,0,0,0,0,0,0,0,0,14,0,0
431,100078,50000,1893360,73113,7211,18016,373,52,9000,0,0,0,0,0,0,0,0,0,0,14,0,0
5681,100079,50000,1893360,73114,7211,18018,374,53,9000,0,0,0,0,0,0,0,0,0,0,14,0,0
7710,100080,50000,1893360,73115,7211,18019,375,54,9000,0,0,0,0,0,0,0,0,0,0,14,0,0
5381,100080,50000,1893360,73115,7211,18019,375,54,5400,0,0,0,0,0,0,0,0,0,0,14,0,0
1358,100081,50000,1893360,73116,7212,18019,376,55,86402,0,0,0,0,0,0,0,0,0,0,14,0,0
3044,100081,50000,1893360,73116,7212,18019,376,56,86402,0,0,0,0,0,0,0,0,0,0,14,0,0
2896,100081,50000,1893360,73116,7212,18019,376,56,3600,0,0,0,0,0,0,0,0,0,0,14,0,0
2737,100081,50000,1893360,73116,7212,18019,376,56,18000,0,0,0,0,0,0,0,0,0,0,14,0,0
4690,100081,50000,1893360,73116,7212,18019,376,56,0,0,0,0,0,0,0,0,0,0,0,14,0,0
33430,100081,50000,1893360,73116,7212,18019,376,56,86400,0,0,0,0,0,0,0,0,0,0,14,0,0
476,100081,50000,1893360,73116,7212,18019,376,57,86400,0,0,0,0,0,0,0,0,0,0,14,0,0
12290,100082,50000,1893360,73117,7212,18018,377,58,86400,0,0,0,0,0,0,0,0,0,0,14,0,0
16831,100083,50000,1865920,73118,7202,18020,378,59,19800,0,0,0,0,0,0,0,0,0,0,14,0,0
9423,100084,31754,1865920,73118,7202,18020,378,59,19800,0,0,0,0,0,0,0,0,0,0,14,0,0
224841,100085,50000,1865920,73119,7202,18020,379,60,19800,0,0,0,0,0,0,0,0,0,0,14,0,0
198258,100086,50000,1865920,73120,7202,18020,380,61,19800,0,0,0,0,0,0,0,0,0,0,14,0,0
16105,100086,50000,1865920,73120,7202,18020,380,62,86400,0,0,0,0,0,0,0,0,0,0,14,0,0
25803,100087,50000,1865920,73121,7202,18021,381,63,86400,0,0,0,0,0,0,0,0,0,0,14,0,0
69,100087,50000,1865920,73121,7202,18021,381,63,86400,10,0,0,0,0,0,12,0,0,0,10,0,6
30061,100088,50000,1865920,73122,7202,18021,382,64,86400,10,0,0,0,0,0,12,0,0,0,10,0,6
4725,100089,50000,1865920,73123,7203,18021,383,65,86400,10,0,0,0,0,0,12,0,0,0,10,0,6
15252,100089,50000,1865920,73123,7203,18021,383,65,86400,23,0,0,0,0,0,2,0,0,0,14,0,0
2736,100089,50000,1865920,73123,7203,18021,383,65,9000,23,0,0,0,0,0,2,0,0,0,14,0,0
84,100090,50000,1865920,73124,7213,18021,384,66,9000,23,0,0,0,0,0,2,0,0,0,14,0,0
236,100091,50000,1865920,73123,7214,18021,383,67,5400,23,0,0,0,0,0,2,0,0,0,14,0,0
288,100092,50000,1865920,73123,7206,18021,383,68,18000,23,0,0,0,0,0,2,0,0,0,14,0,0
46,100093,50000,1865920,73125,7208,18018,385,69,19800,23,0,0,0,0,0,2,0,0,0,14,0,0
3061,100093,50000,1865920,73125,7208,18018,386,69,19800,23,0,0,0,0,0,2,0,0,0,14,0,0
1139,100094,50000,1865920,73126,7208,18022,387,70,19800,23,0,0,0,0,0,2,0,0,0,14,0,0
4392,100094,50000,1865920,73126,7208,18022,388,71,19800,23,0,0,0,0,0,2,0,0,0,14,0,0
