44,29,719384
1149,100000,50000,274400,73049,7200,703,300,0,19800,0,60,30,0,0,0,0,0,0,0,0,0,0,0,0,0,0,0,0
579,100000,50000,274400,73049,7200,703,300,0,19800,0,61,30,0,0,0,0,0,0,0,0,0,0,0,0,0,0,0,0
1826,100001,50001,274400,73050,7200,17085,301,18,57599,0,62,31,0,0,0,0,0,0,0,0,0,0,0,0,0,0,0,0
80734,100001,50001,274400,73050,7200,17085,301,0,19800,0,62,31,0,0,0,0,0,0,0,0,0,0,0,0,0,0,0,0
3502,100002,50001,274400,73051,7200,17085,302,18,19800,0,63,32,0,0,0,0,0,0,0,0,0,0,0,0,0,0,0,0
57701,100002,50001,274400,73051,7200,17085,302,0,19800,0,63,32,0,0,0,0,0,0,0,0,0,0,0,0,0,0,0,0
81760,100003,50001,274400,73052,7200,17085,303,0,19800,0,64,33,0,0,0,0,0,0,0,0,0,0,0,0,0,0,0,0
24796,100004,50002,274400,73053,7200,17085,304,0,19800,0,65,34,0,0,0,0,0,0,0,0,0,0,0,0,0,0,0,0
13017,100005,50002,274400,73054,7200,17085,305,0,19800,0,66,35,0,0,0,0,0,0,0,0,0,0,0,0,0,0,0,0
7714,100005,50002,274400,73054,7200,17085,305,18,19800,0,66,35,0,0,0,0,0,0,0,0,0,0,0,0,0,0,0,0
17717,100006,50002,274400,73055,7200,17085,306,0,19800,0,67,36,0,0,0,0,0,0,0,0,0,0,0,0,0,0,0,0
74351,100007,50002,274400,73056,7200,17085,307,0,19800,0,68,37,0,0,0,0,0,0,0,0,0,0,0,0,0,0,0,0
110,100008,50003,274400,73057,7200,8408,308,0,19800,0,69,38,0,0,0,0,0,0,0,0,0,0,0,0,0,0,0,0
19523,100009,50002,274400,73057,7200,8408,308,0,19800,0,69,39,0,0,0,0,0,0,0,0,0,0,0,0,0,0,0,0
784,100008,50003,274400,73057,7200,8408,308,0,19800,0,69,39,0,0,0,0,0,0,0,0,0,0,0,0,0,0,0,0
46,100008,50003,274400,73057,7200,18000,309,0,19800,0,69,39,0,0,0,0,0,0,0,0,0,0,0,0,0,0,0,0
2591,100010,9924,274400,73058,7200,8408,310,0,19800,0,70,40,0,0,0,0,0,0,0,0,0,0,0,0,0,0,0,0
93913,100011,50002,274400,73059,7200,17085,311,0,19800,0,71,41,0,0,0,0,0,0,0,0,0,0,0,0,0,0,0,0
220,100012,31754,274400,73060,7200,8408,312,0,19800,0,72,42,0,0,0,0,0,0,0,0,0,0,0,0,0,0,0,0
14157,100013,47222,274400,73061,7200,18001,313,0,19800,0,73,43,0,0,0,0,0,0,0,0,0,0,0,0,0,0,0,0
556,100014,47222,274400,73062,7200,17085,314,0,19800,0,74,44,0,0,0,0,0,0,0,0,0,0,0,0,0,0,0,0
6091,100015,50002,274400,73063,7200,17085,315,18,19800,0,75,45,0,0,0,0,0,0,0,0,0,0,0,0,0,0,0,0
415,100016,9924,274400,73064,7200,8408,316,18,19800,0,76,46,0,0,0,0,0,0,0,0,0,0,0,0,0,0,0,0
6532,100017,50001,274400,73065,7200,17085,317,18,57599,0,77,47,0,0,0,0,0,0,0,0,0,0,0,0,0,0,0,0
472,100017,50001,274400,73065,7200,17085,317,0,19800,0,77,47,0,0,0,0,0,0,0,0,0,0,0,0,0,0,0,0
35719,100018,50002,274400,73066,7200,17085,318,18,19800,0,78,48,0,0,0,0,0,0,0,0,0,0,0,0,0,0,0,0
28174,100019,50002,274400,73067,7200,17085,319,0,19800,0,79,49,0,0,0,0,0,0,0,0,0,0,0,0,0,0,0,0
92329,100020,50002,274400,73068,7200,17085,320,0,19800,0,80,50,0,0,0,0,0,0,0,0,0,0,0,0,0,0,0,0
2201,100021,50002,274400,73069,7200,18001,321,0,19800,0,81,51,0,0,0,0,0,0,0,0,0,0,0,0,0,0,0,0
1754,100022,9924,274400,73070,7200,18001,322,0,19800,0,82,52,0,0,0,0,0,0,0,0,0,0,0,0,0,0,0,0
350,100023,50002,274400,73070,7200,18001,322,0,19800,0,82,52,0,0,0,0,0,0,0,0,0,0,0,0,0,0,0,0
54,100023,50002,274400,73070,7200,18001,322,0,19800,0,82,53,0,0,0,0,0,0,0,0,0,0,0,0,0,0,0,0
9841,100024,50002,274400,73071,7200,18001,323,0,19800,0,83,54,0,0,0,0,0,0,0,0,0,0,0,0,0,0,0,0
9087,100025,9924,274400,73072,7200,18001,324,0,19800,0,84,55,0,0,0,0,0,0,0,0,0,0,0,0,0,0,0,0
502,100026,50002,274400,73073,7200,17085,325,0,19800,0,85,56,0,0,0,0,0,0,0,0,0,0,0,0,0,0,0,0
2510,100027,47222,274400,73074,7200,17085,326,18,19800,0,86,57,0,0,0,0,0,0,0,0,0,0,0,0,0,0,0,0
907,100028,50001,274400,73075,7200,17085,327,18,19800,0,87,58,0,0,0,0,0,0,0,0,0,0,0,0,0,0,0,0
4467,100029,50002,274400,73074,7200,17085,326,0,19800,0,86,57,0,0,0,0,0,0,0,0,0,0,0,0,0,0,0,0
6502,100030,50002,274400,73076,7200,17085,328,18,57599,0,88,59,0,0,0,0,0,0,0,0,0,0,0,0,0,0,0,0
1827,100031,50002,274400,73077,7200,17085,329,0,19800,0,89,60,0,0,0,0,0,0,0,0,0,0,0,0,0,0,0,0
10994,100032,50002,274400,73077,7201,17085,329,0,19800,0,90,60,0,0,0,0,0,0,0,0,0,0,0,0,0,0,0,0
1625,100033,50002,274400,73078,7201,17085,330,0,19800,0,91,61,0,0,0,0,0,0,0,0,0,0,0,0,0,0,0,0
174,100034,50002,274400,73078,7200,17085,330,0,5400,0,91,61,0,0,0,0,0,0,0,0,0,0,0,0,0,0,0,0
111,100034,50002,274400,73078,7200,17085,330,0,10800,0,91,61,0,0,0,0,0,0,0,0,0,0,0,0,0,0,0,0
